32, 32, 32, 0.753242, 0.075264, 0.079761
64, 64, 64, 0.309822, 0.045474, 0.050786
96, 96, 96, 0.212823, 0.035305, 0.041513
128, 128, 128, 0.163753, 0.030720, 0.036179
160, 160, 160, 0.134492, 0.028002, 0.033227
192, 192, 192, 0.114980, 0.025086, 0.031392
224, 224, 224, 0.102453, 0.025101, 0.031010
256, 256, 256, 0.091057, 0.024158, 0.029517
288, 288, 288, 0.083601, 0.023699, 0.029961
320, 320, 320, 0.076335, 0.023089, 0.029779
352, 352, 352, 0.071157, 0.023023, 0.030334
384, 384, 384, 0.067646, 0.019475, 0.030076
416, 416, 416, 0.063247, 0.022035, 0.030722
448, 448, 448, 0.059712, 0.022799, 0.030586
480, 480, 480, 0.057173, 0.019699, 0.030692
512, 512, 512, 0.055605, 0.020343, 0.030839
544, 544, 544, 0.053237, 0.024009, 0.031347
576, 576, 576, 0.051268, 0.021670, 0.031379
608, 608, 608, 0.049794, 0.020222, 0.031074
640, 640, 640, 0.048934, 0.021372, 0.030861
672, 672, 672, 0.050321, 0.021519, 0.032764
704, 704, 704, 0.048218, 0.025884, 0.034283
736, 736, 736, 0.044546, 0.024066, 0.032821
768, 768, 768, 0.044233, 0.024073, 0.032860
800, 800, 800, 0.042490, 0.023921, 0.032314
832, 832, 832, 0.042174, 0.023953, 0.032499
864, 864, 864, 0.041303, 0.024000, 0.032209
896, 896, 896, 0.040365, 0.020890, 0.031808
928, 928, 928, 0.040100, 0.023546, 0.032113
960, 960, 960, 0.039189, 0.021227, 0.031808
992, 992, 992, 0.038967, 0.020627, 0.031925
1024, 1024, 1024, 0.039287, 0.020486, 0.031635
32, 32, 32, 1.424520, 0.149728, 0.155147
64, 64, 64, 0.683228, 0.080258, 0.087002
96, 96, 96, 0.460297, 0.058127, 0.065267
128, 128, 128, 0.351034, 0.046967, 0.054419
160, 160, 160, 0.285470, 0.040288, 0.047806
192, 192, 192, 0.239635, 0.035981, 0.043177
224, 224, 224, 0.210577, 0.032736, 0.040461
256, 256, 256, 0.187125, 0.030545, 0.039023
288, 288, 288, 0.167791, 0.028947, 0.039117
320, 320, 320, 0.154707, 0.027631, 0.039548
352, 352, 352, 0.140898, 0.027518, 0.040201
384, 384, 384, 0.130903, 0.026835, 0.039703
416, 416, 416, 0.122046, 0.028314, 0.041734
448, 448, 448, 0.113888, 0.027731, 0.040862
480, 480, 480, 0.106281, 0.026935, 0.040727
512, 512, 512, 0.102498, 0.026359, 0.040350
544, 544, 544, 0.097306, 0.029634, 0.042432
576, 576, 576, 0.093126, 0.028879, 0.042735
608, 608, 608, 0.091927, 0.028290, 0.041453
640, 640, 640, 0.089385, 0.027270, 0.041922
672, 672, 672, 0.085724, 0.027070, 0.041274
704, 704, 704, 0.082528, 0.031578, 0.046925
736, 736, 736, 0.080036, 0.031725, 0.046421
768, 768, 768, 0.077039, 0.030044, 0.045538
800, 800, 800, 0.074987, 0.030948, 0.045577
832, 832, 832, 0.073037, 0.029929, 0.045150
864, 864, 864, 0.070714, 0.030027, 0.044826
896, 896, 896, 0.068708, 0.028800, 0.044591
928, 928, 928, 0.068847, 0.028892, 0.044198
960, 960, 960, 0.067068, 0.028964, 0.044538
992, 992, 992, 0.063968, 0.027898, 0.043526
1024, 1024, 1024, 0.064139, 0.028454, 0.043245
32, 32, 32, 3.948427, 0.406524, 0.412429
64, 64, 64, 1.956702, 0.209907, 0.216026
96, 96, 96, 1.312207, 0.144316, 0.150972
128, 128, 128, 0.988990, 0.111637, 0.118400
160, 160, 160, 0.796098, 0.092188, 0.098833
192, 192, 192, 0.666931, 0.079081, 0.087379
224, 224, 224, 0.574972, 0.069890, 0.082285
256, 256, 256, 0.506078, 0.062901, 0.080727
288, 288, 288, 0.453297, 0.057425, 0.082148
320, 320, 320, 0.409476, 0.053734, 0.083727
352, 352, 352, 0.374325, 0.054914, 0.087550
384, 384, 384, 0.345291, 0.052019, 0.084066
416, 416, 416, 0.320162, 0.055691, 0.091497
448, 448, 448, 0.299305, 0.054061, 0.088841
480, 480, 480, 0.280307, 0.051889, 0.085986
512, 512, 512, 0.263923, 0.050180, 0.083394
544, 544, 544, 0.250370, 0.058153, 0.095270
576, 576, 576, 0.238170, 0.057502, 0.093786
608, 608, 608, 0.226458, 0.057193, 0.091535
640, 640, 640, 0.216354, 0.053722, 0.089325
672, 672, 672, 0.207415, 0.052416, 0.087765
704, 704, 704, 0.199701, 0.066848, 0.109365
736, 736, 736, 0.191332, 0.066016, 0.107183
768, 768, 768, 0.184845, 0.061549, 0.104241
800, 800, 800, 0.178276, 0.063622, 0.104495
832, 832, 832, 0.172282, 0.061500, 0.102323
864, 864, 864, 0.166711, 0.061534, 0.101564
896, 896, 896, 0.161828, 0.056727, 0.099456
928, 928, 928, 0.156585, 0.058705, 0.099855
960, 960, 960, 0.152951, 0.056373, 0.098276
992, 992, 992, 0.148806, 0.056934, 0.096988
1024, 1024, 1024, 0.144817, 0.057082, 0.094835
32, 32, 32, 14.015008, 1.424263, 1.429756
64, 64, 64, 6.987076, 0.718035, 0.724768
96, 96, 96, 4.666560, 0.482554, 0.488405
128, 128, 128, 3.507029, 0.365239, 0.371315
160, 160, 160, 2.811296, 0.294675, 0.300751
192, 192, 192, 2.355153, 0.247915, 0.261052
224, 224, 224, 2.016484, 0.214769, 0.245894
256, 256, 256, 1.767433, 0.191198, 0.239529
288, 288, 288, 1.574639, 0.170321, 0.245826
320, 320, 320, 1.419164, 0.159413, 0.252721
352, 352, 352, 1.293161, 0.168316, 0.265325
384, 384, 384, 1.187987, 0.158767, 0.253175
416, 416, 416, 1.098479, 0.178379, 0.280939
448, 448, 448, 1.022131, 0.170863, 0.270340
480, 480, 480, 0.955565, 0.161284, 0.260612
512, 512, 512, 0.897758, 0.153764, 0.249798
544, 544, 544, 0.845739, 0.187413, 0.294321
576, 576, 576, 0.802180, 0.180151, 0.288527
608, 608, 608, 0.760175, 0.178035, 0.278857
640, 640, 640, 0.725613, 0.165946, 0.269973
672, 672, 672, 0.692941, 0.161062, 0.266468
704, 704, 704, 0.661033, 0.221495, 0.344849
736, 736, 736, 0.634221, 0.214699, 0.336922
768, 768, 768, 0.608841, 0.198780, 0.326413
800, 800, 800, 0.585340, 0.206106, 0.326430
832, 832, 832, 0.563691, 0.196386, 0.320235
864, 864, 864, 0.545129, 0.199142, 0.314707
896, 896, 896, 0.525054, 0.179328, 0.308230
928, 928, 928, 0.508175, 0.189355, 0.307778
960, 960, 960, 0.493943, 0.180442, 0.302575
992, 992, 992, 0.478097, 0.180117, 0.298861
1024, 1024, 1024, 0.463168, 0.179520, 0.290229
32, 32, 32, 50.130699, 5.116128, 5.123972
64, 64, 64, 26.835371, 2.727755, 2.737963
96, 96, 96, 18.608631, 1.891599, 1.902016
128, 128, 128, 13.969572, 1.421879, 1.432350
160, 160, 160, 11.187841, 1.138812, 1.148561
192, 192, 192, 9.332272, 0.951354, 0.992021
224, 224, 224, 8.007346, 0.817333, 0.934756
256, 256, 256, 7.012068, 0.716651, 0.908646
288, 288, 288, 6.241002, 0.638244, 0.934306
320, 320, 320, 5.622370, 0.575680, 0.960397
352, 352, 352, 5.114965, 0.595770, 1.013404
384, 384, 384, 4.694362, 0.559676, 0.962178
416, 416, 416, 4.337634, 0.613065, 1.073986
448, 448, 448, 4.031189, 0.585536, 1.033028
480, 480, 480, 3.765538, 0.554406, 0.992789
512, 512, 512, 3.533683, 0.531878, 0.945813
544, 544, 544, 3.329662, 0.668920, 1.128450
576, 576, 576, 3.146238, 0.634406, 1.102910
608, 608, 608, 2.983985, 0.668249, 1.062735
640, 640, 640, 2.837135, 0.576785, 1.027753
672, 672, 672, 2.705685, 0.563181, 1.010842
704, 704, 704, 2.583447, 0.780288, 1.329673
736, 736, 736, 2.473479, 0.767979, 1.298541
768, 768, 768, 2.371750, 0.690413, 1.256401
800, 800, 800, 2.279373, 0.723921, 1.255253
832, 832, 832, 2.193824, 0.687917, 1.231232
864, 864, 864, 2.114938, 0.697830, 1.209638
896, 896, 896, 2.041220, 0.622778, 1.182893
928, 928, 928, 1.973393, 0.662191, 1.181521
960, 960, 960, 1.909169, 0.628386, 1.158746
992, 992, 992, 1.849990, 0.637943, 1.142790
1024, 1024, 1024, 1.793927, 0.628375, 1.109745
