Loaded image img/7680x4320.png of size 7680x4320.
Executing kernel: Calculate histogram
[349
136
184
269
470
862
2068
4662
7242
11231
28578
96742
155273
251203
356810
439284
585988
535460
437786
365328
275932
296364
305631
232095
175098
177827
126482
119713
110911
103040
99186
99906
93969
96601
97265
93533
102716
98378
89537
100240
104627
102371
105717
108933
103084
124763
125161
107454
98252
88524
81497
81728
82648
81486
78102
73348
73695
74440
67666
70291
76086
71186
64793
68690
73602
79495
75985
71269
69645
68495
67615
69346
72024
72833
71939
73651
68501
67693
66092
67685
67321
65239
65109
68244
72704
68040
62859
59867
58831
58408
54936
56641
57054
56487
55901
54695
52067
50955
54069
55751
57302
55981
55978
57011
55011
60589
61666
65115
63504
61006
56617
61424
63840
56512
58818
63630
59887
60173
62370
58509
57603
53469
54368
54259
49901
49627
49323
49153
47553
46588
46331
44183
42683
43042
45263
44674
44673
45390
44077
45659
42588
44743
43313
45844
47382
45147
42997
44531
45143
46283
41751
42290
43686
43869
45259
44672
42539
40828
40358
39895
39833
39274
38915
37580
37104
38223
41754
39696
39466
41005
40150
40132
41262
41178
41084
41757
39589
39866
38541
37810
37124
37616
37576
38160
37112
36803
37112
37243
38228
38367
39037
39360
40043
40482
40360
40103
40594
41227
41205
41531
41544
41660
42450
42529
42658
42860
45029
44220
45032
45120
44779
44973
45238
44931
46400
47824
49056
50485
52811
58117
66246
68311
69827
96808
92998
126893
114933
165054
122903
134272
152423
130020
101885
123770
178438
129949
167514
164969
156221
150615
152081
160233
175966
185860
190728
214282
247741
263069
290355
343546
505902
903372
2078704
3521435
3130779
2162461
]
Executing kernel: Calculate new pixel intensities
Executing kernel: Map new pixel intensities
Kernel Execution time is: 444.027 milliseconds 
