1920x1200.png 128 6 32 4 2 8 8 | 281 55 29 0 0 693 | r:12.12 u:223.78 s:3.01
1920x1200.png 128 6 32 4 2 8 8 | 163 58 29 0 0 689 | r:12.46 u:236.15 s:4.00
1920x1200.png 128 6 32 4 2 8 8 | 162 58 30 0 0 692 | r:12.48 u:235.48 s:4.21
1920x1200.png 128 6 32 4 2 8 8 | 164 65 29 0 0 690 | r:13.31 u:263.77 s:4.35
1920x1200.png 128 6 32 4 2 8 8 | 163 55 30 0 0 693 | r:12.08 u:225.22 s:3.56
1920x1200.png 128 2 32 4 2 8 8 | 195 55 27 0 0 697 | r:11.88 u:226.32 s:4.46
1920x1200.png 128 2 32 4 2 8 8 | 194 57 30 0 0 689 | r:12.36 u:232.14 s:4.98
1920x1200.png 128 2 32 4 2 8 8 | 193 58 28 0 0 696 | r:12.34 u:232.63 s:4.64
1920x1200.png 128 2 32 4 2 8 8 | 193 56 29 0 0 692 | r:12.11 u:224.94 s:4.73
1920x1200.png 128 2 32 4 2 8 8 | 194 55 30 0 0 696 | r:12.18 u:228.33 s:4.05
1920x1200.png 128 4 32 4 2 8 8 | 170 56 29 0 0 690 | r:12.25 u:228.92 s:4.72
1920x1200.png 128 4 32 4 2 8 8 | 171 57 30 0 0 690 | r:12.36 u:232.64 s:4.87
1920x1200.png 128 4 32 4 2 8 8 | 169 56 27 0 0 691 | r:11.93 u:231.56 s:4.04
1920x1200.png 128 4 32 4 2 8 8 | 173 66 29 0 0 939 | r:13.78 u:269.42 s:4.69
1920x1200.png 128 4 32 4 2 8 8 | 172 62 30 0 0 699 | r:13.10 u:256.02 s:5.75
1920x1200.png 128 8 32 4 2 8 8 | 157 55 30 0 0 693 | r:12.13 u:227.52 s:3.93
1920x1200.png 128 8 32 4 2 8 8 | 161 55 30 0 0 692 | r:12.15 u:229.50 s:3.78
1920x1200.png 128 8 32 4 2 8 8 | 159 64 30 0 0 691 | r:13.22 u:259.30 s:4.37
1920x1200.png 128 8 32 4 2 8 8 | 158 59 29 0 0 691 | r:12.50 u:237.22 s:4.48
1920x1200.png 128 8 32 4 2 8 8 | 158 56 30 0 0 696 | r:12.32 u:231.67 s:3.95
1920x1200.png 128 12 32 4 2 8 8 | 88 56 29 0 0 692 | r:12.09 u:228.99 s:3.67
1920x1200.png 128 12 32 4 2 8 8 | 158 55 29 0 0 694 | r:12.07 u:225.92 s:2.82
1920x1200.png 128 12 32 4 2 8 8 | 158 64 29 0 0 690 | r:13.24 u:261.43 s:4.72
1920x1200.png 128 12 32 4 2 8 8 | 158 57 29 0 0 690 | r:12.27 u:230.13 s:3.91
1920x1200.png 128 12 32 4 2 8 8 | 156 56 29 0 0 697 | r:12.09 u:230.51 s:3.04
1920x1200.png 128 16 32 4 2 8 8 | 155 55 30 0 0 692 | r:12.09 u:226.57 s:2.97
1920x1200.png 128 16 32 4 2 8 8 | 155 55 28 0 0 694 | r:11.93 u:223.38 s:3.12
1920x1200.png 128 16 32 4 2 8 8 | 155 55 29 0 0 694 | r:11.97 u:224.09 s:2.71
1920x1200.png 128 16 32 4 2 8 8 | 155 55 28 0 0 692 | r:11.91 u:226.28 s:2.88
1920x1200.png 128 16 32 4 2 8 8 | 157 58 30 0 0 693 | r:12.49 u:236.12 s:4.17
1920x1200.png 128 32 32 4 2 8 8 | 153 64 29 0 0 693 | r:13.15 u:259.65 s:6.22
1920x1200.png 128 32 32 4 2 8 8 | 86 57 29 0 0 691 | r:12.22 u:230.27 s:5.99
1920x1200.png 128 32 32 4 2 8 8 | 154 58 31 0 0 695 | r:12.58 u:235.22 s:5.94
1920x1200.png 128 32 32 4 2 8 8 | 154 56 30 0 0 691 | r:12.30 u:230.19 s:4.99
1920x1200.png 128 32 32 4 2 8 8 | 154 55 28 0 0 691 | r:11.98 u:226.22 s:5.52
1920x1200.png 128 32 32 4 2 8 8 | 155 63 29 0 0 691 | r:13.11 u:257.46 s:5.90
1920x1200.png 128 32 32 4 2 8 8 | 153 65 30 0 0 690 | r:13.38 u:262.00 s:6.98
1920x1200.png 128 32 32 4 2 8 8 | 153 56 29 0 0 690 | r:12.19 u:228.79 s:5.34
1920x1200.png 128 32 32 4 2 8 8 | 153 57 29 0 0 690 | r:12.32 u:232.81 s:4.69
1920x1200.png 128 32 32 4 2 8 8 | 153 56 30 0 0 738 | r:12.34 u:228.41 s:6.53
1920x1200.png 128 32 16 4 2 8 8 | 155 86 24 0 0 691 | r:15.39 u:183.67 s:1.41
1920x1200.png 128 32 16 4 2 8 8 | 155 86 26 0 0 1290 | r:16.27 u:185.77 s:1.93
1920x1200.png 128 32 16 4 2 8 8 | 150 87 24 0 0 692 | r:15.50 u:185.26 s:1.61
1920x1200.png 128 32 16 4 2 8 8 | 154 86 25 0 0 692 | r:15.42 u:183.60 s:1.39
1920x1200.png 128 32 16 4 2 8 8 | 154 85 28 0 0 698 | r:15.75 u:182.04 s:1.26
1920x1200.png 128 32 48 4 2 8 8 | 154 63 30 0 0 693 | r:13.14 u:371.55 s:10.40
1920x1200.png 128 32 48 4 2 8 8 | 153 64 31 0 0 692 | r:13.41 u:384.08 s:9.86
1920x1200.png 128 32 48 4 2 8 8 | 153 63 31 0 0 689 | r:13.18 u:377.91 s:11.17
1920x1200.png 128 32 48 4 2 8 8 | 154 64 31 0 0 690 | r:13.42 u:385.14 s:10.76
1920x1200.png 128 32 48 4 2 8 8 | 154 67 29 0 0 697 | r:13.63 u:403.45 s:12.09
1920x1200.png 128 32 64 4 2 8 8 | 153 63 32 0 0 689 | r:13.44 u:499.27 s:15.87
1920x1200.png 128 32 64 4 2 8 8 | 154 65 33 0 0 1283 | r:14.41 u:515.59 s:15.95
1920x1200.png 128 32 64 4 2 8 8 | 150 63 32 0 0 689 | r:13.41 u:500.02 s:15.63
1920x1200.png 128 32 64 4 2 8 8 | 153 65 28 0 0 696 | r:13.18 u:513.33 s:18.61
1920x1200.png 128 32 64 4 2 8 8 | 152 65 32 0 0 692 | r:13.72 u:514.38 s:21.74
1920x1200.png 128 32 96 4 2 8 8 | 154 375 30 0 0 695 | r:53.20 u:3979.75 s:91.44
1920x1200.png 128 32 96 4 2 8 8 | 154 366 31 0 0 691 | r:52.10 u:3897.61 s:100.31
1920x1200.png 128 32 96 4 2 8 8 | 153 361 30 0 0 697 | r:51.28 u:3803.21 s:90.43
1920x1200.png 128 32 96 4 2 8 8 | 154 413 31 0 0 692 | r:58.16 u:4346.52 s:105.76
1920x1200.png 128 32 96 4 2 8 8 | 154 347 31 0 0 1122 | r:50.11 u:3657.43 s:138.49
1920x1200.png 128 32 128 4 2 8 8 | 153 1128 26 0 0 833 | r:149.07 u:16218.23 s:233.65
1920x1200.png 128 32 128 4 2 8 8 | 154 789 26 0 0 696 | r:105.55 u:11385.22 s:200.60
1920x1200.png 128 32 128 4 2 8 8 | 153 1081 27 0 0 722 | r:143.05 u:15750.53 s:111.73
1920x1200.png 128 32 128 4 2 8 8 | 154 670 27 0 0 1156 | r:90.88 u:9703.42 s:94.18
1920x1200.png 128 32 128 4 2 8 8 | 150 950 26 0 0 690 | r:126.27 u:13643.30 s:265.13
1920x1200.png 128 32 32 4 2 8 8 | 153 57 30 0 0 699 | r:12.47 u:235.60 s:5.39
1920x1200.png 128 32 32 4 2 8 8 | 163 57 30 0 0 690 | r:12.38 u:231.98 s:4.90
1920x1200.png 128 32 32 4 2 8 8 | 155 56 28 0 0 693 | r:12.10 u:231.89 s:4.67
1920x1200.png 128 32 32 4 2 8 8 | 154 55 30 0 0 693 | r:12.14 u:225.79 s:5.65
1920x1200.png 128 32 32 4 2 8 8 | 153 57 31 0 0 935 | r:12.78 u:233.34 s:5.77
1920x1200.png 128 32 32 1 2 8 8 | 154 61 30 0 0 691 | r:12.91 u:248.74 s:6.40
1920x1200.png 128 32 32 1 2 8 8 | 152 56 30 0 0 691 | r:12.21 u:226.70 s:6.19
1920x1200.png 128 32 32 1 2 8 8 | 86 58 28 0 0 692 | r:12.31 u:241.73 s:4.63
1920x1200.png 128 32 32 1 2 8 8 | 153 59 30 0 0 692 | r:12.59 u:239.60 s:5.84
1920x1200.png 128 32 32 1 2 8 8 | 152 63 31 0 0 694 | r:13.24 u:258.86 s:5.34
1920x1200.png 128 32 32 2 2 8 8 | 154 57 30 0 0 691 | r:12.43 u:232.74 s:5.54
1920x1200.png 128 32 32 2 2 8 8 | 153 56 29 0 0 689 | r:12.21 u:228.84 s:4.74
1920x1200.png 128 32 32 2 2 8 8 | 153 57 29 0 0 696 | r:12.20 u:229.88 s:5.57
1920x1200.png 128 32 32 2 2 8 8 | 154 55 30 0 0 692 | r:12.16 u:225.52 s:5.83
1920x1200.png 128 32 32 2 2 8 8 | 153 62 30 0 0 698 | r:13.00 u:252.75 s:6.03
1920x1200.png 128 32 32 6 2 8 8 | 154 59 29 0 0 1066 | r:12.97 u:243.84 s:8.06
1920x1200.png 128 32 32 6 2 8 8 | 154 57 29 0 0 692 | r:12.29 u:231.04 s:5.55
1920x1200.png 128 32 32 6 2 8 8 | 153 57 30 0 0 692 | r:12.46 u:233.28 s:6.28
1920x1200.png 128 32 32 6 2 8 8 | 154 57 30 0 0 691 | r:12.41 u:233.50 s:5.84
1920x1200.png 128 32 32 6 2 8 8 | 153 55 29 0 0 693 | r:12.03 u:224.06 s:5.78
1920x1200.png 128 32 32 8 2 8 8 | 153 60 29 0 0 689 | r:12.73 u:246.15 s:4.92
1920x1200.png 128 32 32 8 2 8 8 | 154 57 30 0 0 691 | r:12.36 u:232.60 s:5.76
1920x1200.png 128 32 32 8 2 8 8 | 153 55 30 0 0 690 | r:12.12 u:225.54 s:4.99
1920x1200.png 128 32 32 8 2 8 8 | 155 55 29 0 0 691 | r:12.11 u:224.99 s:5.00
1920x1200.png 128 32 32 8 2 8 8 | 154 57 30 0 0 693 | r:12.45 u:232.79 s:5.81
1920x1200.png 128 32 32 12 2 8 8 | 154 58 30 0 0 689 | r:12.58 u:239.43 s:4.90
1920x1200.png 128 32 32 12 2 8 8 | 154 55 29 0 0 691 | r:12.05 u:224.18 s:5.45
1920x1200.png 128 32 32 12 2 8 8 | 154 56 29 0 0 692 | r:12.25 u:228.52 s:4.88
1920x1200.png 128 32 32 12 2 8 8 | 154 57 29 0 0 694 | r:12.24 u:229.50 s:5.91
1920x1200.png 128 32 32 12 2 8 8 | 86 58 25 0 0 690 | r:11.80 u:239.33 s:4.97
1920x1200.png 128 32 32 12 2 8 8 | 153 56 30 0 0 690 | r:12.22 u:227.73 s:5.78
1920x1200.png 128 32 32 12 2 8 8 | 154 59 30 0 0 1272 | r:13.28 u:241.40 s:5.93
1920x1200.png 128 32 32 12 2 8 8 | 150 56 30 0 0 696 | r:12.39 u:231.86 s:5.44
1920x1200.png 128 32 32 12 2 8 8 | 154 62 30 0 0 690 | r:13.10 u:253.82 s:6.04
1920x1200.png 128 32 32 12 2 8 8 | 153 57 30 0 0 691 | r:12.41 u:233.70 s:5.64
1920x1200.png 128 32 32 12 1 8 8 | 154 54 35 0 0 688 | r:12.70 u:238.20 s:4.67
1920x1200.png 128 32 32 12 1 8 8 | 154 54 33 0 0 1147 | r:12.76 u:234.29 s:5.00
1920x1200.png 128 32 32 12 1 8 8 | 153 55 40 0 0 937 | r:13.59 u:239.83 s:5.10
1920x1200.png 128 32 32 12 1 8 8 | 150 54 31 0 0 1074 | r:12.44 u:232.98 s:5.27
1920x1200.png 128 32 32 12 1 8 8 | 153 53 32 0 0 688 | r:12.11 u:232.53 s:4.49
1920x1200.png 128 32 32 12 4 8 8 | 155 58 23 0 0 692 | r:11.63 u:246.19 s:4.58
1920x1200.png 128 32 32 12 4 8 8 | 153 58 23 0 0 693 | r:11.62 u:247.44 s:5.63
1920x1200.png 128 32 32 12 4 8 8 | 153 59 23 0 0 693 | r:11.71 u:252.87 s:3.68
1920x1200.png 128 32 32 12 4 8 8 | 153 58 22 0 0 691 | r:11.53 u:247.18 s:5.02
1920x1200.png 128 32 32 12 4 8 8 | 152 62 22 0 0 691 | r:12.03 u:262.72 s:4.95
1920x1200.png 128 32 32 12 6 8 8 | 86 60 20 0 0 1103 | r:11.84 u:259.37 s:4.87
1920x1200.png 128 32 32 12 6 8 8 | 95 60 20 0 0 695 | r:11.49 u:260.39 s:4.94
1920x1200.png 128 32 32 12 6 8 8 | 85 59 21 0 0 691 | r:11.38 u:254.03 s:5.63
1920x1200.png 128 32 32 12 6 8 8 | 86 58 20 0 0 693 | r:11.28 u:252.28 s:5.43
1920x1200.png 128 32 32 12 6 8 8 | 155 61 21 0 0 691 | r:11.73 u:264.90 s:5.42
1920x1200.png 128 32 32 12 8 8 8 | 154 61 19 0 0 695 | r:11.48 u:265.83 s:5.72
1920x1200.png 128 32 32 12 8 8 8 | 87 58 20 0 0 696 | r:11.22 u:253.86 s:4.99
1920x1200.png 128 32 32 12 8 8 8 | 153 58 22 0 0 1133 | r:11.90 u:258.53 s:5.19
1920x1200.png 128 32 32 12 8 8 8 | 154 60 20 0 0 692 | r:11.57 u:267.40 s:4.34
1920x1200.png 128 32 32 12 8 8 8 | 155 62 21 0 0 696 | r:11.86 u:275.34 s:4.13
1920x1200.png 128 32 32 12 16 8 8 | 87 60 20 0 0 692 | r:11.42 u:279.78 s:5.26
1920x1200.png 128 32 32 12 16 8 8 | 155 60 21 0 0 692 | r:11.64 u:282.42 s:5.66
1920x1200.png 128 32 32 12 16 8 8 | 155 59 20 0 0 694 | r:11.45 u:277.32 s:5.23
1920x1200.png 128 32 32 12 16 8 8 | 87 59 21 0 0 693 | r:11.50 u:276.87 s:6.48
1920x1200.png 128 32 32 12 16 8 8 | 153 59 21 0 0 697 | r:11.50 u:278.79 s:4.81
1920x1200.png 128 32 32 12 2 8 8 | 155 57 29 0 0 694 | r:12.28 u:230.28 s:5.80
1920x1200.png 128 32 32 12 2 8 8 | 86 56 29 0 0 691 | r:12.18 u:229.68 s:5.61
1920x1200.png 128 32 32 12 2 8 8 | 153 55 30 0 0 690 | r:12.12 u:226.33 s:5.72
1920x1200.png 128 32 32 12 2 8 8 | 86 55 30 0 0 701 | r:11.99 u:223.80 s:5.48
1920x1200.png 128 32 32 12 2 8 8 | 154 57 30 0 0 694 | r:12.32 u:230.50 s:5.64
1920x1200.png 128 32 32 12 2 1 8 | 153 56 29 0 2 691 | r:12.37 u:219.18 s:5.67
1920x1200.png 128 32 32 12 2 1 8 | 155 57 29 0 2 694 | r:12.48 u:224.19 s:4.11
1920x1200.png 128 32 32 12 2 1 8 | 153 55 30 0 2 691 | r:12.42 u:219.66 s:5.35
1920x1200.png 128 32 32 12 2 1 8 | 153 56 30 0 2 695 | r:12.40 u:219.14 s:5.38
1920x1200.png 128 32 32 12 2 1 8 | 153 55 29 0 2 692 | r:12.28 u:216.10 s:4.37
1920x1200.png 128 32 32 12 2 4 8 | 153 57 29 0 0 691 | r:12.28 u:225.95 s:4.67
1920x1200.png 128 32 32 12 2 4 8 | 153 58 26 0 0 694 | r:12.09 u:232.42 s:5.34
1920x1200.png 128 32 32 12 2 4 8 | 155 56 30 0 0 688 | r:12.31 u:222.97 s:6.10
1920x1200.png 128 32 32 12 2 4 8 | 155 57 30 0 0 690 | r:12.43 u:229.39 s:5.63
1920x1200.png 128 32 32 12 2 4 8 | 154 56 30 0 1 694 | r:12.35 u:225.61 s:5.56
1920x1200.png 128 32 32 12 2 6 8 | 154 56 31 0 0 690 | r:12.32 u:226.51 s:5.59
1920x1200.png 128 32 32 12 2 6 8 | 155 57 30 0 0 692 | r:12.36 u:229.61 s:5.41
1920x1200.png 128 32 32 12 2 6 8 | 154 60 30 0 0 690 | r:12.82 u:244.76 s:5.28
1920x1200.png 128 32 32 12 2 6 8 | 155 57 29 0 0 691 | r:12.34 u:228.75 s:5.54
1920x1200.png 128 32 32 12 2 6 8 | 153 56 29 0 0 696 | r:12.27 u:228.12 s:6.29
1920x1200.png 128 32 32 12 2 12 8 | 153 60 31 0 0 690 | r:12.88 u:250.90 s:7.25
1920x1200.png 128 32 32 12 2 12 8 | 153 61 30 0 0 690 | r:12.86 u:252.74 s:5.88
1920x1200.png 128 32 32 12 2 12 8 | 153 56 30 0 0 694 | r:12.30 u:234.26 s:5.60
1920x1200.png 128 32 32 12 2 12 8 | 155 57 29 0 0 690 | r:12.35 u:241.40 s:5.37
1920x1200.png 128 32 32 12 2 12 8 | 154 57 29 0 0 698 | r:12.30 u:235.86 s:5.90
1920x1200.png 128 32 32 12 2 16 8 | 155 55 30 0 0 831 | r:12.23 u:235.86 s:5.75
1920x1200.png 128 32 32 12 2 16 8 | 154 54 29 0 0 692 | r:12.02 u:234.79 s:5.14
1920x1200.png 128 32 32 12 2 16 8 | 154 56 30 0 0 691 | r:12.31 u:240.81 s:5.52
1920x1200.png 128 32 32 12 2 16 8 | 154 57 30 0 0 691 | r:12.38 u:242.12 s:6.05
1920x1200.png 128 32 32 12 2 16 8 | 154 56 30 0 0 690 | r:12.29 u:241.83 s:5.06
1920x1200.png 128 32 32 12 2 32 8 | 85 57 24 0 1 689 | r:11.66 u:258.08 s:7.54
1920x1200.png 128 32 32 12 2 32 8 | 153 55 23 0 1 690 | r:11.33 u:251.48 s:5.59
1920x1200.png 128 32 32 12 2 32 8 | 154 54 23 0 1 693 | r:11.20 u:248.56 s:5.52
1920x1200.png 128 32 32 12 2 32 8 | 154 55 21 0 1 689 | r:11.06 u:251.57 s:4.71
1920x1200.png 128 32 32 12 2 32 8 | 154 55 22 0 1 694 | r:11.30 u:252.45 s:6.06
1920x1200.png 128 32 32 12 2 8 8 | 155 57 29 0 0 696 | r:12.32 u:231.63 s:5.10
1920x1200.png 128 32 32 12 2 8 8 | 155 55 29 0 0 693 | r:12.02 u:225.24 s:5.63
1920x1200.png 128 32 32 12 2 8 8 | 155 57 31 0 0 739 | r:12.68 u:234.63 s:6.16
1920x1200.png 128 32 32 12 2 8 8 | 155 57 29 0 0 691 | r:12.26 u:229.78 s:5.32
1920x1200.png 128 32 32 12 2 8 8 | 86 59 25 0 0 902 | r:12.20 u:242.43 s:5.03
1920x1200.png 128 32 32 12 2 8 4 | 153 56 30 0 0 695 | r:12.33 u:230.05 s:5.46
1920x1200.png 128 32 32 12 2 8 4 | 153 57 29 0 0 696 | r:12.32 u:231.61 s:5.73
1920x1200.png 128 32 32 12 2 8 4 | 155 57 29 0 0 695 | r:12.26 u:228.95 s:6.10
1920x1200.png 128 32 32 12 2 8 4 | 153 55 29 0 0 712 | r:12.02 u:226.44 s:5.42
1920x1200.png 128 32 32 12 2 8 4 | 153 63 30 0 0 697 | r:13.07 u:254.33 s:5.19
1920x1200.png 128 32 32 12 2 8 6 | 152 62 29 0 0 695 | r:12.90 u:251.89 s:6.02
1920x1200.png 128 32 32 12 2 8 6 | 154 57 29 0 0 691 | r:12.32 u:231.12 s:4.96
1920x1200.png 128 32 32 12 2 8 6 | 153 60 30 0 0 692 | r:12.76 u:242.00 s:6.64
1920x1200.png 128 32 32 12 2 8 6 | 154 57 29 0 0 692 | r:12.29 u:231.07 s:5.09
1920x1200.png 128 32 32 12 2 8 6 | 153 57 29 0 0 694 | r:12.23 u:230.71 s:4.92
1920x1200.png 128 32 32 12 2 8 8 | 153 63 29 0 0 692 | r:13.09 u:258.65 s:5.92
1920x1200.png 128 32 32 12 2 8 8 | 155 57 24 0 0 693 | r:11.65 u:235.00 s:5.34
1920x1200.png 128 32 32 12 2 8 8 | 156 59 31 0 0 696 | r:12.79 u:240.41 s:5.12
1920x1200.png 128 32 32 12 2 8 8 | 153 56 30 0 0 692 | r:12.23 u:228.76 s:5.64
1920x1200.png 128 32 32 12 2 8 8 | 154 65 30 0 0 692 | r:13.34 u:264.89 s:5.78
1920x1200.png 128 32 32 12 2 8 12 | 154 57 30 0 0 692 | r:12.43 u:233.45 s:5.95
1920x1200.png 128 32 32 12 2 8 12 | 154 57 29 0 0 1086 | r:12.72 u:232.67 s:5.19
1920x1200.png 128 32 32 12 2 8 12 | 151 57 30 0 0 693 | r:12.43 u:233.33 s:6.48
1920x1200.png 128 32 32 12 2 8 12 | 155 55 28 0 0 692 | r:11.92 u:222.67 s:4.39
1920x1200.png 128 32 32 12 2 8 12 | 153 56 28 0 0 692 | r:12.03 u:228.56 s:5.55
1920x1200.png 128 32 32 12 2 8 16 | 154 57 30 0 0 693 | r:12.33 u:232.00 s:4.98
1920x1200.png 128 32 32 12 2 8 16 | 154 57 29 0 0 696 | r:12.29 u:230.05 s:5.51
1920x1200.png 128 32 32 12 2 8 16 | 155 55 29 0 0 693 | r:12.06 u:225.86 s:5.57
1920x1200.png 128 32 32 12 2 8 16 | 154 57 30 0 0 693 | r:12.39 u:233.52 s:5.89
1920x1200.png 128 32 32 12 2 8 16 | 154 60 31 0 0 693 | r:12.87 u:249.41 s:5.59
1920x1200.png 128 32 32 12 2 8 32 | 150 61 29 0 0 692 | r:12.74 u:249.15 s:5.35
1920x1200.png 128 32 32 12 2 8 32 | 154 57 29 0 0 693 | r:12.29 u:231.98 s:5.02
1920x1200.png 128 32 32 12 2 8 32 | 154 56 30 0 0 695 | r:12.26 u:229.10 s:5.63
1920x1200.png 128 32 32 12 2 8 32 | 152 57 29 0 0 692 | r:12.24 u:229.35 s:5.86
1920x1200.png 128 32 32 12 2 8 32 | 153 57 29 0 0 693 | r:12.28 u:230.80 s:5.32
