720x480.png 128 6 32 4 2 8 8 | 17 12 4 0 1 86 | r:2.69 u:55.63 s:0.80
720x480.png 128 6 32 4 2 8 8 | 20 12 4 0 1 163 | r:2.87 u:55.14 s:1.27
720x480.png 128 6 32 4 2 8 8 | 19 12 3 0 1 87 | r:2.68 u:55.51 s:1.08
720x480.png 128 6 32 4 2 8 8 | 18 13 4 0 2 123 | r:2.87 u:58.70 s:1.29
720x480.png 128 6 32 4 2 8 8 | 21 12 3 0 1 89 | r:2.67 u:55.17 s:1.08
720x480.png 128 2 32 4 2 8 8 | 24 12 3 0 1 87 | r:2.63 u:54.58 s:0.82
720x480.png 128 2 32 4 2 8 8 | 22 13 3 0 2 87 | r:2.75 u:57.86 s:1.12
720x480.png 128 2 32 4 2 8 8 | 23 13 4 0 2 86 | r:2.84 u:57.43 s:1.08
720x480.png 128 2 32 4 2 8 8 | 21 12 4 0 1 88 | r:2.68 u:55.10 s:0.90
720x480.png 128 2 32 4 2 8 8 | 23 12 4 0 2 91 | r:2.74 u:54.98 s:0.94
720x480.png 128 4 32 4 2 8 8 | 22 12 3 0 1 87 | r:2.65 u:54.79 s:0.95
720x480.png 128 4 32 4 2 8 8 | 13 12 3 0 2 88 | r:2.71 u:56.81 s:0.98
720x480.png 128 4 32 4 2 8 8 | 13 12 4 0 1 88 | r:2.71 u:54.37 s:0.76
720x480.png 128 4 32 4 2 8 8 | 20 12 4 0 1 87 | r:2.67 u:54.67 s:1.04
720x480.png 128 4 32 4 2 8 8 | 22 12 4 0 1 87 | r:2.74 u:54.89 s:0.93
720x480.png 128 8 32 4 2 8 8 | 19 12 4 0 1 87 | r:2.79 u:55.75 s:0.89
720x480.png 128 8 32 4 2 8 8 | 18 12 4 0 1 87 | r:2.78 u:56.12 s:0.86
720x480.png 128 8 32 4 2 8 8 | 18 12 4 0 1 87 | r:2.70 u:54.74 s:1.06
720x480.png 128 8 32 4 2 8 8 | 20 13 4 0 1 86 | r:2.82 u:57.36 s:1.42
720x480.png 128 8 32 4 2 8 8 | 17 13 3 0 1 87 | r:2.79 u:58.27 s:1.26
720x480.png 128 12 32 4 2 8 8 | 19 12 4 0 1 86 | r:2.73 u:56.09 s:0.97
720x480.png 128 12 32 4 2 8 8 | 17 13 3 0 2 86 | r:2.80 u:58.49 s:1.05
720x480.png 128 12 32 4 2 8 8 | 18 12 4 0 1 86 | r:2.83 u:56.05 s:0.98
720x480.png 128 12 32 4 2 8 8 | 17 12 4 0 1 88 | r:2.70 u:55.77 s:1.07
720x480.png 128 12 32 4 2 8 8 | 19 12 4 0 1 87 | r:2.82 u:56.13 s:0.79
720x480.png 128 16 32 4 2 8 8 | 14 13 3 0 1 89 | r:2.77 u:57.31 s:1.31
720x480.png 128 16 32 4 2 8 8 | 17 13 4 0 2 86 | r:2.84 u:58.44 s:0.99
720x480.png 128 16 32 4 2 8 8 | 17 12 4 0 1 87 | r:2.66 u:54.62 s:1.06
720x480.png 128 16 32 4 2 8 8 | 10 13 4 0 2 87 | r:2.81 u:57.13 s:1.32
720x480.png 128 16 32 4 2 8 8 | 17 12 5 0 1 87 | r:2.84 u:56.29 s:1.06
720x480.png 128 32 32 4 2 8 8 | 18 12 4 0 1 87 | r:2.78 u:55.83 s:0.99
720x480.png 128 32 32 4 2 8 8 | 18 13 4 0 2 88 | r:2.79 u:57.65 s:1.32
720x480.png 128 32 32 4 2 8 8 | 18 13 3 0 1 90 | r:2.74 u:58.07 s:1.44
720x480.png 128 32 32 4 2 8 8 | 17 13 4 0 1 88 | r:2.92 u:60.33 s:1.10
720x480.png 128 32 32 4 2 8 8 | 17 12 4 0 1 88 | r:2.78 u:55.90 s:0.96
720x480.png 128 16 32 4 2 8 8 | 18 13 4 0 1 88 | r:2.94 u:58.91 s:1.29
720x480.png 128 16 32 4 2 8 8 | 17 12 4 0 1 86 | r:2.80 u:55.90 s:1.00
720x480.png 128 16 32 4 2 8 8 | 17 13 4 0 1 91 | r:2.83 u:57.65 s:1.04
720x480.png 128 16 32 4 2 8 8 | 17 12 4 0 1 88 | r:2.78 u:55.81 s:1.03
720x480.png 128 16 32 4 2 8 8 | 17 12 4 0 1 87 | r:2.70 u:54.34 s:0.97
720x480.png 128 16 16 4 2 8 8 | 17 14 5 0 1 89 | r:3.09 u:34.44 s:0.42
720x480.png 128 16 16 4 2 8 8 | 17 14 4 0 1 89 | r:2.85 u:33.34 s:0.46
720x480.png 128 16 16 4 2 8 8 | 17 14 5 0 1 87 | r:2.99 u:34.68 s:0.29
720x480.png 128 16 16 4 2 8 8 | 17 14 4 0 1 91 | r:2.95 u:34.54 s:0.48
720x480.png 128 16 16 4 2 8 8 | 16 14 3 0 1 86 | r:2.82 u:33.57 s:0.36
720x480.png 128 16 48 4 2 8 8 | 17 14 4 0 1 90 | r:3.02 u:89.53 s:2.56
720x480.png 128 16 48 4 2 8 8 | 17 14 4 0 1 93 | r:2.96 u:87.37 s:2.12
720x480.png 128 16 48 4 2 8 8 | 18 15 4 0 1 88 | r:3.05 u:95.72 s:2.32
720x480.png 128 16 48 4 2 8 8 | 17 14 4 0 2 86 | r:2.91 u:86.65 s:2.12
720x480.png 128 16 48 4 2 8 8 | 17 14 4 0 2 87 | r:2.93 u:87.92 s:1.88
720x480.png 128 16 64 4 2 8 8 | 17 16 4 0 1 88 | r:3.31 u:134.59 s:3.33
720x480.png 128 16 64 4 2 8 8 | 17 16 4 0 1 87 | r:3.30 u:135.21 s:3.56
720x480.png 128 16 64 4 2 8 8 | 17 15 4 0 2 87 | r:3.16 u:125.96 s:3.66
720x480.png 128 16 64 4 2 8 8 | 17 15 3 0 2 87 | r:3.07 u:122.74 s:3.72
720x480.png 128 16 64 4 2 8 8 | 11 14 4 0 2 88 | r:3.00 u:118.15 s:3.56
720x480.png 128 16 96 4 2 8 8 | 17 64 5 0 1 88 | r:9.47 u:694.45 s:11.41
720x480.png 128 16 96 4 2 8 8 | 10 68 4 0 1 91 | r:9.79 u:726.72 s:9.34
720x480.png 128 16 96 4 2 8 8 | 10 69 4 0 1 90 | r:10.07 u:748.88 s:19.48
720x480.png 128 16 96 4 2 8 8 | 10 177 5 0 1 90 | r:23.76 u:1857.87 s:15.69
720x480.png 128 16 96 4 2 8 8 | 10 70 4 0 1 88 | r:10.07 u:751.20 s:10.37
720x480.png 128 16 128 4 2 8 8 | 9 792 4 0 0 89 | r:102.44 u:11309.08 s:54.76
720x480.png 128 16 128 4 2 8 8 | 10 617 4 0 0 87 | r:79.97 u:8986.13 s:35.00
720x480.png 128 16 128 4 2 8 8 | 10 736 4 0 0 90 | r:95.24 u:10612.94 s:57.35
720x480.png 128 16 128 4 2 8 8 | 12 599 4 0 0 88 | r:77.72 u:8617.88 s:52.52
720x480.png 128 16 128 4 2 8 8 | 10 595 4 0 0 89 | r:77.17 u:8628.60 s:31.88
720x480.png 128 16 32 4 2 8 8 | 10 12 3 0 1 87 | r:2.53 u:53.63 s:1.23
720x480.png 128 16 32 4 2 8 8 | 14 12 4 0 1 87 | r:2.68 u:54.24 s:1.04
720x480.png 128 16 32 4 2 8 8 | 10 13 3 0 2 87 | r:2.74 u:56.71 s:1.09
720x480.png 128 16 32 4 2 8 8 | 17 12 4 0 1 87 | r:2.66 u:54.73 s:1.01
720x480.png 128 16 32 4 2 8 8 | 11 12 4 0 1 110 | r:2.77 u:55.39 s:0.92
720x480.png 128 16 32 1 2 8 8 | 13 12 4 0 1 86 | r:2.80 u:55.92 s:1.11
720x480.png 128 16 32 1 2 8 8 | 17 12 4 0 1 90 | r:2.72 u:55.45 s:0.95
720x480.png 128 16 32 1 2 8 8 | 17 13 3 0 1 88 | r:2.75 u:56.96 s:1.15
720x480.png 128 16 32 1 2 8 8 | 17 13 4 0 1 87 | r:2.84 u:58.93 s:1.29
720x480.png 128 16 32 1 2 8 8 | 17 13 4 0 2 87 | r:2.86 u:57.87 s:1.13
720x480.png 128 16 32 2 2 8 8 | 11 12 4 0 2 87 | r:2.75 u:56.09 s:0.99
720x480.png 128 16 32 2 2 8 8 | 17 12 4 0 1 86 | r:2.72 u:54.83 s:1.28
720x480.png 128 16 32 2 2 8 8 | 18 13 4 0 1 88 | r:2.82 u:58.35 s:1.16
720x480.png 128 16 32 2 2 8 8 | 11 12 4 0 1 89 | r:2.82 u:56.33 s:1.30
720x480.png 128 16 32 2 2 8 8 | 17 13 3 0 1 88 | r:2.71 u:56.92 s:1.05
720x480.png 128 16 32 6 2 8 8 | 16 12 5 0 1 87 | r:2.90 u:56.27 s:0.97
720x480.png 128 16 32 6 2 8 8 | 10 12 5 0 1 87 | r:2.79 u:54.33 s:0.97
720x480.png 128 16 32 6 2 8 8 | 17 13 4 0 1 87 | r:2.79 u:57.60 s:0.88
720x480.png 128 16 32 6 2 8 8 | 13 12 3 0 1 89 | r:2.57 u:53.15 s:0.94
720x480.png 128 16 32 6 2 8 8 | 17 12 4 0 1 87 | r:2.69 u:54.74 s:0.93
720x480.png 128 16 32 8 2 8 8 | 17 13 3 0 2 86 | r:2.75 u:57.95 s:1.23
720x480.png 128 16 32 8 2 8 8 | 18 13 4 0 2 87 | r:2.76 u:57.73 s:0.92
720x480.png 128 16 32 8 2 8 8 | 18 13 4 0 2 88 | r:2.80 u:57.45 s:1.00
720x480.png 128 16 32 8 2 8 8 | 19 12 4 0 1 89 | r:2.71 u:54.44 s:1.12
720x480.png 128 16 32 8 2 8 8 | 10 12 3 0 1 87 | r:2.61 u:54.50 s:1.20
720x480.png 128 16 32 12 2 8 8 | 17 12 4 0 1 86 | r:2.64 u:53.98 s:1.05
720x480.png 128 16 32 12 2 8 8 | 17 13 4 0 1 87 | r:2.81 u:57.59 s:1.08
720x480.png 128 16 32 12 2 8 8 | 17 12 4 0 1 89 | r:2.74 u:55.00 s:1.15
720x480.png 128 16 32 12 2 8 8 | 10 12 4 0 1 88 | r:2.67 u:54.02 s:1.03
720x480.png 128 16 32 12 2 8 8 | 17 13 4 0 1 89 | r:2.86 u:58.31 s:1.42
720x480.png 128 16 32 4 2 8 8 | 17 13 4 0 1 87 | r:2.90 u:58.74 s:1.06
720x480.png 128 16 32 4 2 8 8 | 11 12 3 0 1 87 | r:2.71 u:56.48 s:0.80
720x480.png 128 16 32 4 2 8 8 | 17 13 4 0 1 87 | r:2.84 u:57.38 s:0.81
720x480.png 128 16 32 4 2 8 8 | 17 12 5 0 1 89 | r:2.88 u:56.30 s:0.98
720x480.png 128 16 32 4 2 8 8 | 17 13 4 0 2 118 | r:2.84 u:58.20 s:1.12
720x480.png 128 16 32 4 1 8 8 | 17 11 4 0 1 86 | r:2.61 u:52.88 s:1.02
720x480.png 128 16 32 4 1 8 8 | 18 12 5 0 1 144 | r:2.85 u:54.74 s:1.05
720x480.png 128 16 32 4 1 8 8 | 17 11 4 0 1 88 | r:2.53 u:52.34 s:0.78
720x480.png 128 16 32 4 1 8 8 | 17 11 3 0 1 87 | r:2.50 u:52.07 s:1.30
720x480.png 128 16 32 4 1 8 8 | 16 12 4 0 1 87 | r:2.65 u:55.46 s:1.23
720x480.png 128 16 32 4 4 8 8 | 19 13 4 0 1 87 | r:2.86 u:60.34 s:0.94
720x480.png 128 16 32 4 4 8 8 | 10 12 4 0 1 86 | r:2.72 u:58.20 s:0.88
720x480.png 128 16 32 4 4 8 8 | 17 12 5 0 1 87 | r:2.78 u:58.04 s:0.84
720x480.png 128 16 32 4 4 8 8 | 17 13 4 0 1 87 | r:2.80 u:59.60 s:1.10
720x480.png 128 16 32 4 4 8 8 | 10 12 4 0 1 90 | r:2.60 u:55.42 s:0.72
720x480.png 128 16 32 4 6 8 8 | 18 13 4 0 2 87 | r:2.83 u:61.03 s:0.89
720x480.png 128 16 32 4 6 8 8 | 15 13 4 0 1 161 | r:2.97 u:61.90 s:1.39
720x480.png 128 16 32 4 6 8 8 | 17 13 5 0 1 161 | r:3.05 u:63.10 s:1.34
720x480.png 128 16 32 4 6 8 8 | 17 13 4 0 1 88 | r:2.83 u:60.93 s:0.92
720x480.png 128 16 32 4 6 8 8 | 17 13 4 0 2 87 | r:2.88 u:61.90 s:1.07
720x480.png 128 16 32 4 8 8 8 | 18 13 4 0 1 89 | r:2.91 u:63.05 s:1.09
720x480.png 128 16 32 4 8 8 8 | 17 13 5 0 1 90 | r:2.88 u:62.36 s:1.01
720x480.png 128 16 32 4 8 8 8 | 17 13 4 0 2 87 | r:2.89 u:62.58 s:1.15
720x480.png 128 16 32 4 8 8 8 | 17 13 5 0 1 87 | r:2.91 u:63.56 s:0.76
720x480.png 128 16 32 4 8 8 8 | 17 13 5 0 2 88 | r:2.93 u:63.05 s:0.94
720x480.png 128 16 32 4 16 8 8 | 17 13 5 0 1 87 | r:3.01 u:68.17 s:1.13
720x480.png 128 16 32 4 16 8 8 | 11 12 5 0 1 88 | r:2.87 u:65.09 s:1.19
720x480.png 128 16 32 4 16 8 8 | 10 12 5 0 1 93 | r:2.77 u:62.93 s:1.04
720x480.png 128 16 32 4 16 8 8 | 18 13 5 0 1 88 | r:2.93 u:66.37 s:1.13
720x480.png 128 16 32 4 16 8 8 | 10 13 5 0 1 89 | r:2.88 u:65.50 s:1.14
720x480.png 128 16 32 4 2 8 8 | 12 12 4 0 1 88 | r:2.72 u:56.14 s:1.06
720x480.png 128 16 32 4 2 8 8 | 18 12 4 0 2 91 | r:2.78 u:54.66 s:0.87
720x480.png 128 16 32 4 2 8 8 | 17 13 4 0 1 87 | r:2.80 u:57.97 s:1.03
720x480.png 128 16 32 4 2 8 8 | 12 12 4 0 1 87 | r:2.69 u:54.35 s:0.73
720x480.png 128 16 32 4 2 8 8 | 17 12 4 0 1 87 | r:2.63 u:53.97 s:0.75
720x480.png 128 16 32 4 2 1 8 | 17 13 4 0 3 89 | r:3.17 u:55.77 s:1.30
720x480.png 128 16 32 4 2 1 8 | 17 13 4 0 3 88 | r:3.13 u:56.62 s:1.19
720x480.png 128 16 32 4 2 1 8 | 17 13 4 0 3 89 | r:3.14 u:56.37 s:1.46
720x480.png 128 16 32 4 2 1 8 | 17 12 5 0 3 89 | r:3.06 u:52.95 s:0.92
720x480.png 128 16 32 4 2 1 8 | 17 12 4 0 3 92 | r:2.97 u:51.90 s:0.86
720x480.png 128 16 32 4 2 4 8 | 16 12 4 0 2 89 | r:2.93 u:53.89 s:1.03
720x480.png 128 16 32 4 2 4 8 | 18 12 3 0 2 90 | r:2.73 u:52.47 s:0.88
720x480.png 128 16 32 4 2 4 8 | 18 12 4 0 2 90 | r:2.89 u:54.14 s:1.05
720x480.png 128 16 32 4 2 4 8 | 18 14 4 0 3 91 | r:3.09 u:60.19 s:1.02
720x480.png 128 16 32 4 2 4 8 | 17 12 4 0 2 88 | r:2.88 u:54.80 s:0.93
720x480.png 128 16 32 4 2 6 8 | 16 13 4 0 2 89 | r:2.88 u:57.42 s:1.07
720x480.png 128 16 32 4 2 6 8 | 17 12 4 0 2 91 | r:2.76 u:54.00 s:1.06
720x480.png 128 16 32 4 2 6 8 | 17 12 4 0 2 89 | r:2.84 u:54.63 s:1.32
720x480.png 128 16 32 4 2 6 8 | 17 13 4 0 2 90 | r:2.94 u:57.72 s:1.11
720x480.png 128 16 32 4 2 6 8 | 18 12 5 0 2 90 | r:2.89 u:55.75 s:0.96
720x480.png 128 16 32 4 2 12 8 | 17 12 3 0 1 90 | r:2.69 u:58.65 s:1.02
720x480.png 128 16 32 4 2 12 8 | 17 13 4 0 1 88 | r:2.75 u:59.25 s:1.08
720x480.png 128 16 32 4 2 12 8 | 17 12 4 0 1 98 | r:2.75 u:57.26 s:0.98
720x480.png 128 16 32 4 2 12 8 | 17 12 4 0 1 90 | r:2.64 u:55.67 s:0.78
720x480.png 128 16 32 4 2 12 8 | 17 13 4 0 1 88 | r:2.73 u:58.57 s:1.05
720x480.png 128 16 32 4 2 16 8 | 17 13 5 0 1 92 | r:2.85 u:61.07 s:1.23
720x480.png 128 16 32 4 2 16 8 | 18 12 3 0 1 90 | r:2.64 u:58.64 s:1.28
720x480.png 128 16 32 4 2 16 8 | 12 11 4 0 0 89 | r:2.56 u:55.33 s:1.01
720x480.png 128 16 32 4 2 16 8 | 17 12 4 0 1 91 | r:2.70 u:57.80 s:1.05
720x480.png 128 16 32 4 2 16 8 | 17 12 4 0 1 88 | r:2.59 u:56.51 s:0.96
720x480.png 128 16 32 4 2 32 8 | 17 13 3 0 1 90 | r:2.73 u:66.83 s:1.27
720x480.png 128 16 32 4 2 32 8 | 15 12 3 0 1 89 | r:2.49 u:60.99 s:1.33
720x480.png 128 16 32 4 2 32 8 | 18 12 4 0 1 89 | r:2.64 u:62.94 s:1.23
720x480.png 128 16 32 4 2 32 8 | 10 11 3 0 1 92 | r:2.55 u:60.79 s:1.33
720x480.png 128 16 32 4 2 32 8 | 18 12 4 0 1 89 | r:2.60 u:62.33 s:1.16
720x480.png 128 16 32 4 2 16 8 | 11 12 4 0 1 89 | r:2.69 u:58.22 s:1.33
720x480.png 128 16 32 4 2 16 8 | 18 14 5 0 1 90 | r:3.00 u:64.82 s:1.15
720x480.png 128 16 32 4 2 16 8 | 17 12 3 0 1 91 | r:2.61 u:59.81 s:1.15
720x480.png 128 16 32 4 2 16 8 | 14 11 3 0 1 93 | r:2.45 u:54.67 s:1.06
720x480.png 128 16 32 4 2 16 8 | 17 13 4 0 1 90 | r:2.71 u:59.38 s:1.20
720x480.png 128 16 32 4 2 16 4 | 16 13 4 0 1 90 | r:2.72 u:60.07 s:1.27
720x480.png 128 16 32 4 2 16 4 | 18 12 4 0 1 93 | r:2.59 u:57.06 s:0.97
720x480.png 128 16 32 4 2 16 4 | 17 13 4 0 1 91 | r:2.83 u:63.40 s:1.17
720x480.png 128 16 32 4 2 16 4 | 17 13 3 0 1 91 | r:2.67 u:59.15 s:1.38
720x480.png 128 16 32 4 2 16 4 | 17 12 4 0 1 90 | r:2.55 u:56.04 s:1.32
720x480.png 128 16 32 4 2 16 6 | 16 12 4 0 1 89 | r:2.56 u:55.93 s:1.00
720x480.png 128 16 32 4 2 16 6 | 11 11 4 0 1 91 | r:2.51 u:54.81 s:0.96
720x480.png 128 16 32 4 2 16 6 | 16 12 3 0 1 89 | r:2.60 u:58.93 s:1.08
720x480.png 128 16 32 4 2 16 6 | 16 12 3 0 1 88 | r:2.63 u:58.66 s:1.18
720x480.png 128 16 32 4 2 16 6 | 18 12 4 0 1 90 | r:2.71 u:57.97 s:1.06
720x480.png 128 16 32 4 2 16 8 | 17 12 4 0 1 88 | r:2.68 u:58.69 s:1.30
720x480.png 128 16 32 4 2 16 8 | 11 11 4 0 1 89 | r:2.63 u:55.63 s:0.93
720x480.png 128 16 32 4 2 16 8 | 17 12 4 0 1 150 | r:2.65 u:56.87 s:1.23
720x480.png 128 16 32 4 2 16 8 | 17 12 3 0 1 88 | r:2.63 u:58.92 s:1.13
720x480.png 128 16 32 4 2 16 8 | 17 13 4 0 1 91 | r:2.78 u:60.36 s:1.39
720x480.png 128 16 32 4 2 16 12 | 18 12 4 0 1 89 | r:2.57 u:55.67 s:1.07
720x480.png 128 16 32 4 2 16 12 | 17 12 4 0 1 92 | r:2.60 u:56.00 s:0.94
720x480.png 128 16 32 4 2 16 12 | 17 13 3 0 1 89 | r:2.62 u:59.55 s:1.12
720x480.png 128 16 32 4 2 16 12 | 10 12 3 0 1 87 | r:2.61 u:58.62 s:1.06
720x480.png 128 16 32 4 2 16 12 | 10 12 4 0 1 89 | r:2.65 u:56.97 s:1.20
720x480.png 128 16 32 4 2 16 16 | 17 13 3 0 1 89 | r:2.61 u:59.11 s:1.47
720x480.png 128 16 32 4 2 16 16 | 16 12 5 0 1 87 | r:2.74 u:56.61 s:1.05
720x480.png 128 16 32 4 2 16 16 | 17 12 3 0 1 88 | r:2.52 u:56.63 s:0.94
720x480.png 128 16 32 4 2 16 16 | 17 12 3 0 1 92 | r:2.63 u:59.77 s:1.04
720x480.png 128 16 32 4 2 16 16 | 11 12 3 0 1 88 | r:2.48 u:57.54 s:1.03
720x480.png 128 16 32 4 2 16 32 | 18 12 4 0 1 89 | r:2.63 u:55.60 s:0.92
720x480.png 128 16 32 4 2 16 32 | 17 12 4 0 1 87 | r:2.66 u:56.67 s:0.89
720x480.png 128 16 32 4 2 16 32 | 17 12 4 0 1 86 | r:2.66 u:59.00 s:1.40
720x480.png 128 16 32 4 2 16 32 | 19 12 4 0 1 89 | r:2.70 u:59.94 s:1.11
720x480.png 128 16 32 4 2 16 32 | 10 11 4 0 1 88 | r:2.53 u:55.15 s:1.02
