7680x4320.png 128 12 48 4 2 12 16 | 2274 647 398 0 47 12436 | r:155.63 u:4103.32 s:40.02
7680x4320.png 128 12 48 4 2 12 16 | 2293 644 398 0 47 12477 | r:155.66 u:4088.98 s:36.97
7680x4320.png 128 12 48 4 2 12 16 | 2292 646 375 0 47 12453 | r:153.08 u:4082.69 s:55.79
7680x4320.png 128 12 48 4 2 12 16 | 2297 642 348 0 46 12455 | r:148.76 u:4059.32 s:43.98
7680x4320.png 128 12 48 4 2 12 16 | 2298 644 405 0 48 12447 | r:156.54 u:4099.31 s:35.04
7680x4320.png 128 12 48 4 2 12 16 | 2291 650 364 0 49 12442 | r:151.99 u:4119.24 s:38.98
7680x4320.png 128 16 48 4 2 12 16 | 2267 655 361 0 46 12469 | r:152.04 u:4133.78 s:49.34
7680x4320.png 128 16 48 4 2 12 16 | 2271 645 390 0 43 12468 | r:154.20 u:4060.54 s:60.42
7680x4320.png 128 16 48 4 2 12 16 | 2269 649 386 0 48 12434 | r:154.65 u:4104.25 s:49.25
7680x4320.png 128 32 48 4 2 12 16 | 2250 645 392 0 35 12479 | r:153.27 u:4048.91 s:56.44
7680x4320.png 128 32 48 4 2 12 16 | 2248 657 401 0 49 12463 | r:157.89 u:4144.66 s:61.15
7680x4320.png 128 32 48 4 2 12 16 | 2256 654 396 0 51 12470 | r:157.18 u:4106.42 s:76.29
7680x4320.png 128 32 48 4 2 12 16 | 2255 657 384 0 36 12482 | r:153.72 u:4108.67 s:73.92
7680x4320.png 128 32 48 4 2 12 16 | 2248 642 388 0 32 12434 | r:151.93 u:4043.78 s:49.49
7680x4320.png 128 32 48 4 2 12 16 | 2249 643 379 0 34 12433 | r:151.25 u:4052.11 s:45.98
7680x4320.png 128 32 32 4 2 12 16 | 2253 615 386 0 49 12440 | r:150.47 u:2680.63 s:23.40
7680x4320.png 128 32 32 4 2 12 16 | 2253 609 390 0 49 12436 | r:150.18 u:2659.27 s:19.34
7680x4320.png 128 32 32 4 2 12 16 | 2247 619 395 0 48 12484 | r:152.07 u:2692.85 s:25.52
7680x4320.png 128 32 64 4 2 12 16 | 2252 541 402 0 49 12464 | r:143.20 u:4465.47 s:100.05
7680x4320.png 128 32 64 4 2 12 16 | 2251 538 392 0 41 12470 | r:140.56 u:4416.55 s:124.16
7680x4320.png 128 32 64 4 2 12 16 | 2252 542 389 0 50 12495 | r:141.97 u:4462.19 s:118.56
7680x4320.png 128 32 96 4 2 12 16 | 2249 780 420 0 46 12617 | r:176.11 u:8398.38 s:903.42
7680x4320.png 128 32 96 4 2 12 16 | 2252 786 427 0 48 12694 | r:178.08 u:8436.97 s:923.42
7680x4320.png 128 32 96 4 2 12 16 | 2255 794 424 0 44 12479 | r:177.91 u:8471.48 s:1002.54
7680x4320.png 128 32 112 4 2 12 16 | 2249 978 403 0 44 13178 | r:199.45 u:11880.02 s:1409.41
7680x4320.png 128 32 112 4 2 12 16 | 2252 854 423 0 47 12558 | r:185.97 u:10500.86 s:1143.92
7680x4320.png 128 32 112 4 2 12 16 | 2252 913 411 0 48 12493 | r:192.07 u:11279.34 s:1175.92
