1024x768.png 128 6 32 4 2 8 8 | 129 23 10 0 2 370 | r:5.39 u:100.85 s:1.58
1024x768.png 128 2 32 4 2 8 8 | 111 23 9 0 2 372 | r:5.25 u:101.79 s:1.72
1024x768.png 128 4 32 4 2 8 8 | 104 22 12 0 2 375 | r:5.50 u:99.53 s:0.99
1024x768.png 128 8 32 4 2 8 8 | 101 23 9 0 2 378 | r:5.29 u:102.44 s:1.53
1024x768.png 128 12 32 4 2 8 8 | 101 22 10 0 2 373 | r:5.37 u:100.16 s:1.13
1024x768.png 128 16 32 4 2 8 8 | 99 22 9 0 2 372 | r:5.11 u:97.74 s:1.20
1024x768.png 128 32 32 4 2 8 8 | 100 22 10 0 2 374 | r:5.17 u:99.51 s:1.15
1024x768.png 128 16 32 4 2 8 8 | 104 23 9 0 2 373 | r:5.31 u:101.74 s:1.89
1024x768.png 128 16 16 4 2 8 8 | 100 29 8 0 1 374 | r:5.74 u:65.86 s:0.65
1024x768.png 128 16 48 4 2 8 8 | 98 28 12 0 2 376 | r:6.34 u:181.57 s:2.62
1024x768.png 128 16 64 4 2 8 8 | 99 28 9 0 2 374 | r:5.91 u:227.90 s:4.83
1024x768.png 128 16 96 4 2 8 8 | 100 188 13 0 2 373 | r:26.91 u:2042.13 s:24.84
1024x768.png 128 16 128 4 2 8 8 | 90 825 10 0 1 372 | r:107.97 u:11915.49 s:105.82
1024x768.png 128 16 32 4 2 8 8 | 100 23 9 0 2 373 | r:5.31 u:102.13 s:1.65
1024x768.png 128 16 32 1 2 8 8 | 98 22 11 0 2 376 | r:5.43 u:99.52 s:1.23
1024x768.png 128 16 32 2 2 8 8 | 100 22 11 0 2 373 | r:5.43 u:99.67 s:1.09
1024x768.png 128 16 32 6 2 8 8 | 99 24 9 0 3 373 | r:5.42 u:104.38 s:2.01
1024x768.png 128 16 32 8 2 8 8 | 99 24 13 0 2 375 | r:5.85 u:108.21 s:1.24
1024x768.png 128 16 32 12 2 8 8 | 100 22 10 0 2 377 | r:5.34 u:99.43 s:1.21
1024x768.png 128 16 32 4 2 8 8 | 54 23 12 0 2 376 | r:5.57 u:101.14 s:2.11
1024x768.png 128 16 32 4 1 8 8 | 100 20 12 0 2 372 | r:5.26 u:92.98 s:1.14
1024x768.png 128 16 32 4 4 8 8 | 106 24 9 0 3 374 | r:5.53 u:110.51 s:1.78
1024x768.png 128 16 32 4 6 8 8 | 101 23 10 0 2 374 | r:5.46 u:110.58 s:1.22
1024x768.png 128 16 32 4 8 8 8 | 100 23 9 0 2 373 | r:5.38 u:113.05 s:1.83
1024x768.png 128 16 32 4 16 8 8 | 86 23 9 0 2 376 | r:5.33 u:119.29 s:1.32
1024x768.png 128 16 32 4 2 8 8 | 99 22 11 0 2 377 | r:5.42 u:99.23 s:1.30
1024x768.png 128 16 32 4 2 1 8 | 100 24 12 0 7 446 | r:6.38 u:100.03 s:1.74
1024x768.png 128 16 32 4 2 4 8 | 98 23 12 0 4 373 | r:5.80 u:98.48 s:1.40
1024x768.png 128 16 32 4 2 6 8 | 100 22 12 0 3 375 | r:5.63 u:99.14 s:1.30
1024x768.png 128 16 32 4 2 12 8 | 100 23 10 0 2 373 | r:5.25 u:104.13 s:1.62
1024x768.png 128 16 32 4 2 16 8 | 101 22 11 0 1 375 | r:5.24 u:103.19 s:1.08
1024x768.png 128 16 32 4 2 32 8 | 99 22 9 0 1 375 | r:5.13 u:112.32 s:1.70
1024x768.png 128 16 32 4 2 16 8 | 86 22 11 0 1 375 | r:5.29 u:103.20 s:1.22
1024x768.png 128 16 32 4 2 16 4 | 98 22 11 0 1 377 | r:5.22 u:101.71 s:1.38
1024x768.png 128 16 32 4 2 16 6 | 99 22 12 0 1 375 | r:5.40 u:104.65 s:1.01
1024x768.png 128 16 32 4 2 16 8 | 99 22 13 0 1 373 | r:5.50 u:104.40 s:1.51
1024x768.png 128 16 32 4 2 16 12 | 100 22 9 0 2 372 | r:5.15 u:105.17 s:1.40
1024x768.png 128 16 32 4 2 16 16 | 99 23 10 0 1 373 | r:5.24 u:108.06 s:1.11
1024x768.png 128 16 32 4 2 16 32 | 100 22 9 0 2 371 | r:5.15 u:105.54 s:1.19
