720x480.png 128 6 32 4 2 8 8 | 17 12 5 0 1 88 | r:2.96 u:56.82 s:0.80
720x480.png 128 2 32 4 2 8 8 | 22 12 3 0 1 90 | r:2.69 u:54.63 s:0.92
720x480.png 128 4 32 4 2 8 8 | 19 13 4 0 1 88 | r:2.93 u:58.57 s:1.07
720x480.png 128 8 32 4 2 8 8 | 17 13 4 0 1 163 | r:2.99 u:59.83 s:1.53
720x480.png 128 12 32 4 2 8 8 | 16 12 4 0 1 87 | r:2.70 u:56.03 s:0.91
720x480.png 128 16 32 4 2 8 8 | 16 13 4 0 1 89 | r:2.91 u:58.77 s:1.06
720x480.png 128 32 32 4 2 8 8 | 17 12 4 0 1 87 | r:2.74 u:55.08 s:0.76
720x480.png 128 12 32 4 2 8 8 | 17 12 4 0 1 86 | r:2.68 u:54.72 s:1.06
720x480.png 128 12 16 4 2 8 8 | 17 14 4 0 1 87 | r:2.91 u:33.40 s:0.35
720x480.png 128 12 48 4 2 8 8 | 17 15 4 0 1 87 | r:3.12 u:98.31 s:1.96
720x480.png 128 12 64 4 2 8 8 | 10 15 4 0 2 88 | r:3.11 u:123.42 s:2.80
720x480.png 128 12 96 4 2 8 8 | 11 129 5 0 1 87 | r:17.75 u:1349.84 s:21.18
720x480.png 128 12 128 4 2 8 8 | 11 800 4 0 0 86 | r:103.45 u:11445.57 s:61.85
720x480.png 128 12 32 4 2 8 8 | 16 13 3 0 1 87 | r:2.66 u:55.96 s:1.51
720x480.png 128 12 32 1 2 8 8 | 10 13 3 0 1 89 | r:2.72 u:57.37 s:1.18
720x480.png 128 12 32 2 2 8 8 | 17 13 4 0 1 87 | r:2.87 u:58.65 s:1.00
720x480.png 128 12 32 6 2 8 8 | 18 12 4 0 1 88 | r:2.75 u:56.11 s:1.01
720x480.png 128 12 32 8 2 8 8 | 18 13 3 0 1 86 | r:2.73 u:57.79 s:1.25
720x480.png 128 12 32 12 2 8 8 | 19 13 4 0 2 88 | r:2.90 u:58.92 s:1.08
720x480.png 128 12 32 4 2 8 8 | 17 12 3 0 1 88 | r:2.63 u:54.42 s:0.98
720x480.png 128 12 32 4 1 8 8 | 16 12 4 0 1 88 | r:2.68 u:56.27 s:1.07
720x480.png 128 12 32 4 4 8 8 | 12 12 4 0 1 87 | r:2.66 u:56.45 s:0.87
720x480.png 128 12 32 4 6 8 8 | 16 13 5 0 1 87 | r:2.90 u:62.27 s:1.17
720x480.png 128 12 32 4 8 8 8 | 17 13 5 0 1 91 | r:2.99 u:64.55 s:1.05
720x480.png 128 12 32 4 16 8 8 | 16 13 5 0 1 88 | r:3.06 u:68.72 s:1.60
720x480.png 128 12 32 4 2 8 8 | 18 13 4 0 1 162 | r:3.02 u:60.60 s:1.37
720x480.png 128 12 32 4 2 1 8 | 18 14 5 0 3 88 | r:3.24 u:57.15 s:1.65
720x480.png 128 12 32 4 2 4 8 | 18 12 3 0 2 88 | r:2.72 u:53.23 s:1.12
720x480.png 128 12 32 4 2 6 8 | 17 13 4 0 2 90 | r:2.86 u:57.43 s:1.04
720x480.png 128 12 32 4 2 12 8 | 17 13 4 0 1 91 | r:2.81 u:59.41 s:1.35
720x480.png 128 12 32 4 2 16 8 | 17 13 4 0 1 88 | r:2.74 u:59.63 s:1.08
720x480.png 128 12 32 4 2 32 8 | 10 12 4 0 1 88 | r:2.60 u:61.29 s:1.34
720x480.png 128 12 32 4 2 8 8 | 16 12 4 0 1 89 | r:2.72 u:55.61 s:0.86
720x480.png 128 12 32 4 2 8 4 | 18 13 4 0 1 115 | r:2.94 u:60.76 s:1.02
720x480.png 128 12 32 4 2 8 6 | 17 13 4 0 1 90 | r:2.85 u:58.39 s:1.26
720x480.png 128 12 32 4 2 8 8 | 17 13 4 0 1 86 | r:2.85 u:59.04 s:0.99
720x480.png 128 12 32 4 2 8 12 | 19 13 4 0 1 89 | r:2.86 u:58.56 s:1.43
720x480.png 128 12 32 4 2 8 16 | 17 12 4 0 1 88 | r:2.77 u:55.93 s:1.04
720x480.png 128 12 32 4 2 8 32 | 16 12 3 0 1 92 | r:2.61 u:54.61 s:0.99
