1024x768.png 128 6 32 4 2 8 8 | 156 23 10 0 2 372 | r:5.45 u:102.33 s:1.97
1024x768.png 128 6 32 4 2 8 8 | 56 22 11 0 2 616 | r:5.50 u:97.28 s:1.30
1024x768.png 128 6 32 4 2 8 8 | 101 23 13 0 1 377 | r:5.73 u:103.70 s:1.59
1024x768.png 128 6 32 4 2 8 8 | 55 22 12 0 1 374 | r:5.41 u:98.70 s:1.33
1024x768.png 128 6 32 4 2 8 8 | 101 23 11 0 1 373 | r:5.39 u:100.70 s:1.48
1024x768.png 128 2 32 4 2 8 8 | 66 21 9 0 1 370 | r:4.95 u:95.02 s:1.25
1024x768.png 128 2 32 4 2 8 8 | 113 22 11 0 1 372 | r:5.36 u:98.45 s:1.44
1024x768.png 128 2 32 4 2 8 8 | 112 22 10 0 1 418 | r:5.33 u:99.45 s:1.21
1024x768.png 128 2 32 4 2 8 8 | 113 22 9 0 2 372 | r:5.11 u:97.85 s:1.11
1024x768.png 128 2 32 4 2 8 8 | 113 22 11 0 1 373 | r:5.28 u:97.85 s:1.21
1024x768.png 128 4 32 4 2 8 8 | 105 22 10 0 1 374 | r:5.12 u:98.35 s:1.18
1024x768.png 128 4 32 4 2 8 8 | 83 22 12 0 2 376 | r:5.43 u:99.37 s:1.22
1024x768.png 128 4 32 4 2 8 8 | 104 23 10 0 2 373 | r:5.43 u:103.07 s:1.24
1024x768.png 128 4 32 4 2 8 8 | 105 22 12 0 1 373 | r:5.39 u:98.63 s:1.28
1024x768.png 128 4 32 4 2 8 8 | 103 22 9 0 2 372 | r:5.08 u:97.88 s:0.90
1024x768.png 128 8 32 4 2 8 8 | 102 22 12 0 2 372 | r:5.51 u:99.68 s:1.40
1024x768.png 128 8 32 4 2 8 8 | 106 22 11 0 1 376 | r:5.29 u:98.97 s:1.16
1024x768.png 128 8 32 4 2 8 8 | 99 23 10 0 2 382 | r:5.32 u:102.42 s:0.97
1024x768.png 128 8 32 4 2 8 8 | 102 22 11 0 1 375 | r:5.33 u:98.96 s:1.11
1024x768.png 128 8 32 4 2 8 8 | 100 25 10 0 2 375 | r:5.55 u:109.53 s:1.73
1024x768.png 128 12 32 4 2 8 8 | 103 23 11 0 2 374 | r:5.41 u:101.90 s:1.40
1024x768.png 128 12 32 4 2 8 8 | 99 22 11 0 2 373 | r:5.36 u:99.85 s:1.35
1024x768.png 128 12 32 4 2 8 8 | 100 23 12 0 2 429 | r:5.60 u:102.10 s:0.96
1024x768.png 128 12 32 4 2 8 8 | 100 22 11 0 1 375 | r:5.32 u:99.73 s:1.71
1024x768.png 128 12 32 4 2 8 8 | 102 22 9 0 1 374 | r:5.06 u:97.96 s:1.15
1024x768.png 128 16 32 4 2 8 8 | 54 23 10 0 2 373 | r:5.36 u:103.51 s:1.12
1024x768.png 128 16 32 4 2 8 8 | 99 23 11 0 1 374 | r:5.32 u:99.21 s:2.38
1024x768.png 128 16 32 4 2 8 8 | 99 23 13 0 2 391 | r:5.66 u:101.19 s:1.83
1024x768.png 128 16 32 4 2 8 8 | 98 22 11 0 2 371 | r:5.39 u:99.65 s:1.23
1024x768.png 128 16 32 4 2 8 8 | 99 22 9 0 1 372 | r:5.07 u:98.83 s:1.69
1024x768.png 128 32 32 4 2 8 8 | 99 23 12 0 1 525 | r:5.58 u:100.95 s:1.96
1024x768.png 128 32 32 4 2 8 8 | 100 23 9 0 1 372 | r:5.21 u:100.17 s:2.17
1024x768.png 128 32 32 4 2 8 8 | 53 22 12 0 2 376 | r:5.49 u:98.59 s:2.20
1024x768.png 128 32 32 4 2 8 8 | 99 23 13 0 1 376 | r:5.63 u:100.75 s:2.66
1024x768.png 128 32 32 4 2 8 8 | 54 23 11 0 1 376 | r:5.29 u:100.18 s:2.14
1024x768.png 128 32 32 4 2 8 8 | 100 22 11 0 1 376 | r:5.34 u:99.63 s:1.25
1024x768.png 128 32 32 4 2 8 8 | 99 22 11 0 1 372 | r:5.40 u:99.70 s:1.09
1024x768.png 128 32 32 4 2 8 8 | 101 23 11 0 2 372 | r:5.46 u:100.27 s:2.06
1024x768.png 128 32 32 4 2 8 8 | 101 24 10 0 2 576 | r:5.58 u:102.49 s:2.54
1024x768.png 128 32 32 4 2 8 8 | 67 21 9 0 2 373 | r:5.03 u:95.98 s:1.44
1024x768.png 128 32 16 4 2 8 8 | 100 29 9 0 0 372 | r:5.75 u:65.55 s:0.67
1024x768.png 128 32 16 4 2 8 8 | 100 29 13 0 0 373 | r:6.35 u:68.01 s:0.60
1024x768.png 128 32 16 4 2 8 8 | 100 29 10 0 0 373 | r:5.93 u:67.28 s:0.82
1024x768.png 128 32 16 4 2 8 8 | 78 29 10 0 0 373 | r:5.81 u:66.22 s:0.59
1024x768.png 128 32 16 4 2 8 8 | 100 30 13 0 0 693 | r:6.79 u:70.89 s:0.80
1024x768.png 128 32 48 4 2 8 8 | 98 27 11 0 2 374 | r:6.06 u:172.92 s:4.52
1024x768.png 128 32 48 4 2 8 8 | 98 27 10 0 2 373 | r:5.85 u:171.92 s:4.57
1024x768.png 128 32 48 4 2 8 8 | 100 28 13 0 1 376 | r:6.39 u:182.27 s:4.72
1024x768.png 128 32 48 4 2 8 8 | 106 27 10 0 2 375 | r:5.97 u:178.92 s:3.29
1024x768.png 128 32 48 4 2 8 8 | 99 28 11 0 2 371 | r:6.05 u:175.49 s:4.31
1024x768.png 128 32 64 4 2 8 8 | 100 29 10 0 2 372 | r:6.13 u:238.72 s:7.34
1024x768.png 128 32 64 4 2 8 8 | 101 28 10 0 2 371 | r:6.06 u:234.76 s:7.63
1024x768.png 128 32 64 4 2 8 8 | 78 27 11 0 2 373 | r:5.99 u:222.05 s:7.76
1024x768.png 128 32 64 4 2 8 8 | 104 28 10 0 2 372 | r:5.93 u:231.47 s:5.28
1024x768.png 128 32 64 4 2 8 8 | 99 28 9 0 3 375 | r:6.07 u:231.93 s:8.25
1024x768.png 128 32 96 4 2 8 8 | 99 352 13 0 1 374 | r:47.75 u:3713.73 s:44.43
1024x768.png 128 32 96 4 2 8 8 | 90 238 13 0 2 374 | r:33.17 u:2489.45 s:42.57
1024x768.png 128 32 96 4 2 8 8 | 100 246 13 0 2 372 | r:34.25 u:2591.07 s:45.18
1024x768.png 128 32 96 4 2 8 8 | 99 217 13 0 2 373 | r:30.66 u:2313.50 s:30.25
1024x768.png 128 32 96 4 2 8 8 | 88 330 13 0 1 372 | r:45.01 u:3476.80 s:44.65
1024x768.png 128 32 128 4 2 8 8 | 100 851 10 0 0 378 | r:111.13 u:12224.26 s:117.00
1024x768.png 128 32 128 4 2 8 8 | 99 807 11 0 1 375 | r:105.61 u:11570.31 s:100.76
1024x768.png 128 32 128 4 2 8 8 | 90 912 11 0 0 500 | r:119.13 u:13413.33 s:75.72
1024x768.png 128 32 128 4 2 8 8 | 98 660 12 0 1 506 | r:87.19 u:9487.43 s:86.34
1024x768.png 128 32 128 4 2 8 8 | 100 763 11 0 1 371 | r:100.05 u:11060.18 s:108.51
1024x768.png 128 32 32 4 2 8 8 | 99 23 11 0 1 375 | r:5.39 u:99.80 s:2.15
1024x768.png 128 32 32 4 2 8 8 | 99 24 11 0 2 373 | r:5.51 u:105.06 s:2.29
1024x768.png 128 32 32 4 2 8 8 | 99 24 12 0 2 432 | r:5.81 u:107.82 s:2.37
1024x768.png 128 32 32 4 2 8 8 | 100 23 10 0 2 374 | r:5.35 u:102.08 s:2.49
1024x768.png 128 32 32 4 2 8 8 | 98 23 10 0 2 373 | r:5.42 u:103.64 s:2.54
1024x768.png 128 32 32 1 2 8 8 | 99 22 12 0 2 374 | r:5.47 u:99.65 s:1.43
1024x768.png 128 32 32 1 2 8 8 | 99 23 11 0 2 375 | r:5.44 u:102.95 s:1.88
1024x768.png 128 32 32 1 2 8 8 | 100 22 11 0 2 373 | r:5.41 u:99.79 s:1.79
1024x768.png 128 32 32 1 2 8 8 | 100 23 10 0 1 371 | r:5.27 u:101.05 s:2.29
1024x768.png 128 32 32 1 2 8 8 | 99 22 10 0 1 379 | r:5.15 u:98.44 s:1.97
1024x768.png 128 32 32 2 2 8 8 | 99 23 9 0 2 372 | r:5.24 u:101.23 s:1.93
1024x768.png 128 32 32 2 2 8 8 | 54 23 10 0 2 371 | r:5.35 u:101.16 s:2.45
1024x768.png 128 32 32 2 2 8 8 | 100 23 11 0 2 372 | r:5.51 u:103.66 s:2.20
1024x768.png 128 32 32 2 2 8 8 | 101 23 10 0 3 534 | r:5.67 u:103.86 s:2.43
1024x768.png 128 32 32 2 2 8 8 | 98 22 10 0 1 374 | r:5.20 u:98.88 s:1.18
1024x768.png 128 32 32 6 2 8 8 | 100 22 11 0 1 605 | r:5.56 u:99.03 s:2.06
1024x768.png 128 32 32 6 2 8 8 | 105 23 12 0 1 373 | r:5.62 u:102.21 s:2.06
1024x768.png 128 32 32 6 2 8 8 | 100 22 10 0 1 375 | r:5.22 u:98.20 s:1.30
1024x768.png 128 32 32 6 2 8 8 | 98 22 13 0 1 374 | r:5.59 u:100.51 s:1.41
1024x768.png 128 32 32 6 2 8 8 | 100 23 11 0 1 627 | r:5.80 u:103.16 s:2.33
1024x768.png 128 32 32 8 2 8 8 | 99 22 10 0 1 373 | r:5.16 u:98.49 s:1.91
1024x768.png 128 32 32 8 2 8 8 | 99 23 10 0 2 374 | r:5.38 u:103.59 s:1.38
1024x768.png 128 32 32 8 2 8 8 | 54 22 12 0 2 374 | r:5.49 u:99.82 s:1.15
1024x768.png 128 32 32 8 2 8 8 | 100 22 13 0 1 372 | r:5.51 u:100.27 s:1.25
1024x768.png 128 32 32 8 2 8 8 | 99 23 10 0 2 377 | r:5.50 u:104.28 s:1.96
1024x768.png 128 32 32 12 2 8 8 | 99 23 10 0 2 372 | r:5.31 u:102.80 s:2.05
1024x768.png 128 32 32 12 2 8 8 | 78 22 13 0 1 373 | r:5.50 u:99.78 s:2.14
1024x768.png 128 32 32 12 2 8 8 | 54 23 10 0 2 377 | r:5.39 u:103.18 s:2.00
1024x768.png 128 32 32 12 2 8 8 | 101 23 9 0 2 371 | r:5.29 u:101.13 s:2.12
1024x768.png 128 32 32 12 2 8 8 | 77 23 10 0 2 374 | r:5.38 u:102.07 s:2.35
1024x768.png 128 32 32 4 2 8 8 | 99 22 12 0 2 372 | r:5.53 u:100.06 s:1.57
1024x768.png 128 32 32 4 2 8 8 | 99 22 10 0 2 372 | r:5.22 u:98.00 s:1.20
1024x768.png 128 32 32 4 2 8 8 | 99 23 12 0 1 372 | r:5.54 u:103.78 s:1.17
1024x768.png 128 32 32 4 2 8 8 | 99 23 13 0 1 374 | r:5.62 u:102.14 s:1.51
1024x768.png 128 32 32 4 2 8 8 | 99 23 10 0 2 372 | r:5.40 u:103.60 s:1.58
1024x768.png 128 32 32 4 1 8 8 | 99 22 11 0 2 371 | r:5.41 u:97.55 s:2.45
1024x768.png 128 32 32 4 1 8 8 | 106 21 13 0 2 515 | r:5.51 u:93.94 s:1.52
1024x768.png 128 32 32 4 1 8 8 | 99 21 12 0 2 373 | r:5.28 u:94.08 s:1.45
1024x768.png 128 32 32 4 1 8 8 | 100 22 12 0 2 372 | r:5.39 u:98.49 s:1.95
1024x768.png 128 32 32 4 1 8 8 | 55 22 15 0 1 370 | r:5.69 u:98.29 s:2.26
1024x768.png 128 32 32 4 4 8 8 | 99 23 9 0 2 374 | r:5.30 u:105.05 s:1.21
1024x768.png 128 32 32 4 4 8 8 | 102 24 10 0 2 373 | r:5.44 u:108.68 s:2.24
1024x768.png 128 32 32 4 4 8 8 | 100 23 8 0 1 373 | r:4.97 u:102.67 s:1.62
1024x768.png 128 32 32 4 4 8 8 | 79 24 9 0 2 374 | r:5.35 u:108.05 s:1.86
1024x768.png 128 32 32 4 4 8 8 | 99 23 9 0 2 372 | r:5.11 u:103.33 s:1.15
1024x768.png 128 32 32 4 6 8 8 | 100 23 10 0 3 372 | r:5.42 u:110.34 s:1.25
1024x768.png 128 32 32 4 6 8 8 | 98 24 10 0 2 685 | r:5.75 u:112.17 s:2.17
1024x768.png 128 32 32 4 6 8 8 | 99 24 10 0 2 658 | r:5.68 u:110.60 s:2.64
1024x768.png 128 32 32 4 6 8 8 | 98 23 10 0 2 374 | r:5.34 u:108.76 s:1.24
1024x768.png 128 32 32 4 6 8 8 | 106 23 10 0 2 376 | r:5.29 u:108.48 s:1.26
1024x768.png 128 32 32 4 8 8 8 | 99 23 9 0 1 539 | r:5.32 u:109.50 s:1.74
1024x768.png 128 32 32 4 8 8 8 | 62 24 10 0 2 689 | r:5.67 u:113.39 s:2.23
1024x768.png 128 32 32 4 8 8 8 | 97 24 10 0 2 374 | r:5.36 u:112.84 s:2.74
1024x768.png 128 32 32 4 8 8 8 | 77 22 10 0 2 373 | r:5.21 u:109.70 s:1.22
1024x768.png 128 32 32 4 8 8 8 | 99 23 9 0 2 372 | r:5.38 u:112.97 s:1.89
1024x768.png 128 32 32 4 16 8 8 | 100 24 10 0 2 374 | r:5.46 u:122.89 s:1.36
1024x768.png 128 32 32 4 16 8 8 | 102 24 10 0 1 376 | r:5.37 u:120.72 s:1.90
1024x768.png 128 32 32 4 16 8 8 | 85 24 9 0 2 373 | r:5.40 u:119.82 s:2.87
1024x768.png 128 32 32 4 16 8 8 | 98 23 10 0 2 585 | r:5.63 u:120.78 s:1.50
1024x768.png 128 32 32 4 16 8 8 | 99 23 10 0 1 372 | r:5.28 u:118.72 s:1.81
1024x768.png 128 32 32 4 2 8 8 | 100 24 9 0 2 372 | r:5.32 u:103.19 s:2.47
1024x768.png 128 32 32 4 2 8 8 | 99 22 11 0 2 375 | r:5.36 u:99.29 s:1.28
1024x768.png 128 32 32 4 2 8 8 | 98 23 10 0 2 374 | r:5.45 u:103.04 s:2.29
1024x768.png 128 32 32 4 2 8 8 | 100 22 10 0 2 374 | r:5.29 u:100.15 s:1.18
1024x768.png 128 32 32 4 2 8 8 | 100 22 12 0 1 378 | r:5.50 u:100.38 s:1.31
1024x768.png 128 32 32 4 2 1 8 | 99 24 12 0 6 371 | r:6.30 u:100.68 s:2.25
1024x768.png 128 32 32 4 2 1 8 | 100 24 12 0 6 379 | r:6.24 u:99.41 s:2.26
1024x768.png 128 32 32 4 2 1 8 | 100 23 13 0 6 373 | r:6.35 u:99.01 s:2.03
1024x768.png 128 32 32 4 2 1 8 | 99 23 13 0 6 372 | r:6.31 u:98.65 s:1.13
1024x768.png 128 32 32 4 2 1 8 | 99 22 13 0 6 374 | r:6.19 u:96.05 s:1.21
1024x768.png 128 32 32 4 2 4 8 | 100 24 12 0 3 372 | r:5.99 u:105.29 s:2.19
1024x768.png 128 32 32 4 2 4 8 | 99 23 10 0 3 502 | r:5.73 u:100.70 s:1.83
1024x768.png 128 32 32 4 2 4 8 | 99 24 10 0 3 374 | r:5.60 u:101.82 s:1.81
1024x768.png 128 32 32 4 2 4 8 | 101 24 12 0 2 374 | r:5.74 u:103.37 s:2.59
1024x768.png 128 32 32 4 2 4 8 | 99 24 12 0 3 375 | r:5.89 u:104.66 s:2.58
1024x768.png 128 32 32 4 2 6 8 | 100 22 12 0 2 376 | r:5.57 u:99.78 s:1.36
1024x768.png 128 32 32 4 2 6 8 | 98 23 9 0 3 375 | r:5.34 u:100.43 s:1.13
1024x768.png 128 32 32 4 2 6 8 | 99 25 11 0 2 679 | r:5.98 u:108.81 s:1.70
1024x768.png 128 32 32 4 2 6 8 | 98 22 11 0 2 375 | r:5.41 u:99.05 s:1.34
1024x768.png 128 32 32 4 2 6 8 | 98 23 9 0 2 376 | r:5.29 u:101.02 s:2.18
1024x768.png 128 32 32 4 2 12 8 | 99 23 10 0 1 374 | r:5.34 u:105.72 s:2.39
1024x768.png 128 32 32 4 2 12 8 | 99 23 12 0 1 374 | r:5.46 u:103.86 s:2.20
1024x768.png 128 32 32 4 2 12 8 | 100 24 11 0 1 486 | r:5.62 u:106.32 s:2.06
1024x768.png 128 32 32 4 2 12 8 | 99 22 12 0 1 402 | r:5.44 u:103.39 s:1.28
1024x768.png 128 32 32 4 2 12 8 | 100 23 10 0 2 374 | r:5.39 u:105.68 s:1.55
1024x768.png 128 32 32 4 2 16 8 | 99 23 9 0 1 372 | r:5.23 u:105.78 s:2.89
1024x768.png 128 32 32 4 2 16 8 | 100 22 12 0 1 373 | r:5.34 u:104.09 s:1.16
1024x768.png 128 32 32 4 2 16 8 | 53 23 10 0 1 373 | r:5.13 u:104.41 s:1.98
1024x768.png 128 32 32 4 2 16 8 | 99 22 9 0 1 377 | r:5.05 u:103.38 s:1.85
1024x768.png 128 32 32 4 2 16 8 | 54 22 12 0 0 375 | r:5.29 u:102.90 s:2.25
1024x768.png 128 32 32 4 2 32 8 | 101 22 10 0 1 373 | r:5.17 u:108.93 s:2.41
1024x768.png 128 32 32 4 2 32 8 | 105 22 11 0 1 376 | r:5.32 u:112.72 s:1.53
1024x768.png 128 32 32 4 2 32 8 | 80 22 10 0 1 372 | r:5.12 u:109.96 s:2.28
1024x768.png 128 32 32 4 2 32 8 | 101 22 11 0 1 373 | r:5.29 u:108.22 s:2.56
1024x768.png 128 32 32 4 2 32 8 | 99 22 10 0 1 374 | r:5.17 u:111.32 s:2.18
1024x768.png 128 32 32 4 2 16 8 | 105 24 11 0 1 373 | r:5.50 u:109.88 s:1.79
1024x768.png 128 32 32 4 2 16 8 | 100 22 9 0 1 371 | r:5.08 u:103.13 s:1.85
1024x768.png 128 32 32 4 2 16 8 | 100 22 11 0 1 376 | r:5.38 u:104.31 s:1.29
1024x768.png 128 32 32 4 2 16 8 | 105 22 10 0 1 373 | r:5.04 u:101.63 s:1.23
1024x768.png 128 32 32 4 2 16 8 | 99 22 12 0 1 373 | r:5.42 u:103.51 s:1.41
1024x768.png 128 32 32 4 2 16 4 | 99 23 9 0 1 373 | r:5.15 u:105.28 s:2.62
1024x768.png 128 32 32 4 2 16 4 | 99 22 11 0 1 375 | r:5.21 u:101.84 s:1.24
1024x768.png 128 32 32 4 2 16 4 | 99 23 11 0 1 374 | r:5.32 u:103.68 s:2.55
1024x768.png 128 32 32 4 2 16 4 | 100 24 10 0 1 373 | r:5.34 u:106.84 s:2.48
1024x768.png 128 32 32 4 2 16 4 | 54 21 9 0 1 379 | r:4.88 u:99.54 s:1.35
1024x768.png 128 32 32 4 2 16 6 | 100 22 10 0 1 373 | r:5.16 u:101.97 s:1.43
1024x768.png 128 32 32 4 2 16 6 | 100 22 12 0 1 374 | r:5.42 u:103.57 s:1.23
1024x768.png 128 32 32 4 2 16 6 | 100 22 12 0 1 373 | r:5.29 u:102.86 s:1.23
1024x768.png 128 32 32 4 2 16 6 | 100 22 13 0 1 689 | r:5.89 u:105.46 s:1.06
1024x768.png 128 32 32 4 2 16 6 | 97 23 9 0 1 371 | r:5.21 u:105.45 s:2.45
1024x768.png 128 32 32 4 2 16 8 | 54 25 10 0 1 466 | r:5.64 u:112.78 s:2.82
1024x768.png 128 32 32 4 2 16 8 | 100 23 9 0 1 377 | r:5.17 u:105.07 s:2.07
1024x768.png 128 32 32 4 2 16 8 | 98 22 11 0 1 375 | r:5.27 u:103.43 s:1.11
1024x768.png 128 32 32 4 2 16 8 | 103 22 12 0 1 375 | r:5.39 u:103.63 s:1.16
1024x768.png 128 32 32 4 2 16 8 | 99 23 11 0 1 376 | r:5.46 u:107.56 s:2.40
1024x768.png 128 32 32 4 2 16 12 | 99 22 9 0 1 373 | r:5.07 u:103.33 s:2.06
1024x768.png 128 32 32 4 2 16 12 | 99 22 9 0 1 372 | r:4.93 u:99.81 s:1.18
1024x768.png 128 32 32 4 2 16 12 | 79 22 12 0 1 374 | r:5.36 u:104.15 s:2.03
1024x768.png 128 32 32 4 2 16 12 | 99 22 11 0 1 371 | r:5.26 u:102.52 s:1.70
1024x768.png 128 32 32 4 2 16 12 | 100 23 9 0 1 371 | r:5.20 u:106.28 s:2.41
1024x768.png 128 32 32 4 2 16 16 | 105 22 11 0 1 374 | r:5.28 u:102.64 s:1.84
1024x768.png 128 32 32 4 2 16 16 | 99 24 11 0 1 374 | r:5.49 u:109.06 s:2.57
1024x768.png 128 32 32 4 2 16 16 | 100 23 12 0 1 370 | r:5.48 u:104.70 s:2.67
1024x768.png 128 32 32 4 2 16 16 | 100 23 11 0 1 691 | r:5.71 u:109.19 s:1.71
1024x768.png 128 32 32 4 2 16 16 | 97 24 11 0 1 371 | r:5.46 u:108.35 s:3.01
1024x768.png 128 32 32 4 2 16 32 | 101 22 11 0 1 372 | r:5.21 u:103.71 s:1.27
1024x768.png 128 32 32 4 2 16 32 | 99 22 10 0 1 374 | r:5.10 u:100.60 s:1.34
1024x768.png 128 32 32 4 2 16 32 | 99 23 12 0 1 667 | r:5.80 u:107.06 s:1.89
1024x768.png 128 32 32 4 2 16 32 | 97 22 10 0 1 372 | r:5.17 u:105.01 s:2.05
1024x768.png 128 32 32 4 2 16 32 | 106 22 13 0 1 390 | r:5.50 u:105.00 s:1.31
