3840x2160.png 128 6 48 4 2 12 16 | 664 174 74 0 11 3177 | r:37.56 u:1120.86 s:9.56
3840x2160.png 128 6 48 4 2 12 16 | 670 164 72 0 12 3167 | r:36.04 u:1058.91 s:7.29
3840x2160.png 128 6 48 4 2 12 16 | 670 166 72 0 12 3165 | r:36.21 u:1068.63 s:8.33
3840x2160.png 128 8 48 4 2 12 16 | 660 179 68 0 10 3167 | r:37.24 u:1136.77 s:17.66
3840x2160.png 128 8 48 4 2 12 16 | 658 179 71 0 11 3172 | r:37.73 u:1139.98 s:19.64
3840x2160.png 128 8 48 4 2 12 16 | 658 177 70 0 10 3170 | r:37.24 u:1130.80 s:14.83
3840x2160.png 128 12 48 4 2 12 16 | 645 172 75 0 10 3695 | r:37.69 u:1090.04 s:19.87
3840x2160.png 128 12 48 4 2 12 16 | 646 180 81 0 11 3169 | r:39.16 u:1142.50 s:24.15
3840x2160.png 128 12 48 4 2 12 16 | 648 178 68 0 10 3164 | r:37.00 u:1133.59 s:14.34
3840x2160.png 128 16 48 4 2 12 16 | 641 170 72 0 10 3171 | r:36.52 u:1089.35 s:12.67
3840x2160.png 128 16 48 4 2 12 16 | 641 169 66 0 12 3170 | r:35.89 u:1086.72 s:8.64
3840x2160.png 128 16 48 4 2 12 16 | 357 171 67 0 10 3164 | r:35.65 u:1087.36 s:14.65
3840x2160.png 128 32 48 4 2 12 16 | 640 179 80 0 11 3193 | r:38.92 u:1139.39 s:21.13
3840x2160.png 128 32 48 4 2 12 16 | 640 180 85 0 11 3174 | r:39.56 u:1145.33 s:20.06
3840x2160.png 128 32 48 4 2 12 16 | 640 171 70 0 11 3174 | r:36.60 u:1096.21 s:11.80
3840x2160.png 128 16 48 4 2 12 16 | 645 179 65 0 10 3170 | r:36.92 u:1137.70 s:18.79
3840x2160.png 128 16 48 4 2 12 16 | 643 173 71 0 13 3168 | r:37.14 u:1104.10 s:22.71
3840x2160.png 128 16 48 4 2 12 16 | 639 178 64 0 9 3176 | r:36.55 u:1131.82 s:17.62
3840x2160.png 128 16 32 4 2 12 16 | 642 152 69 0 12 3651 | r:34.59 u:673.04 s:3.19
3840x2160.png 128 16 32 4 2 12 16 | 641 149 63 0 11 3169 | r:32.88 u:657.63 s:4.35
3840x2160.png 128 16 32 4 2 12 16 | 640 149 65 0 12 3167 | r:33.13 u:656.82 s:4.88
3840x2160.png 128 16 64 4 2 12 16 | 640 141 82 0 12 3176 | r:34.32 u:1205.42 s:11.92
3840x2160.png 128 16 64 4 2 12 16 | 639 139 80 0 12 3168 | r:33.82 u:1191.31 s:11.79
3840x2160.png 128 16 64 4 2 12 16 | 648 138 76 0 12 3167 | r:33.06 u:1182.55 s:7.45
3840x2160.png 128 16 72 4 2 12 16 | 640 214 100 0 14 3712 | r:46.84 u:1934.99 s:75.33
3840x2160.png 128 16 72 4 2 12 16 | 637 187 101 0 13 3314 | r:42.99 u:1713.77 s:57.24
3840x2160.png 128 16 72 4 2 12 16 | 641 191 102 0 14 3424 | r:43.83 u:1744.24 s:60.84
3840x2160.png 128 16 64 4 2 12 16 | 642 139 82 0 12 3175 | r:34.02 u:1191.65 s:13.98
3840x2160.png 128 16 64 4 2 12 16 | 642 141 86 0 12 3175 | r:34.84 u:1210.03 s:14.41
3840x2160.png 128 16 64 4 2 12 16 | 637 141 78 0 12 3169 | r:33.80 u:1206.30 s:10.11
3840x2160.png 128 16 64 1 2 12 16 | 638 139 76 0 12 3170 | r:33.34 u:1196.14 s:8.59
3840x2160.png 128 16 64 1 2 12 16 | 641 139 82 0 12 3173 | r:34.02 u:1193.15 s:10.53
3840x2160.png 128 16 64 1 2 12 16 | 642 138 80 0 12 3166 | r:33.72 u:1187.67 s:9.97
3840x2160.png 128 16 64 2 2 12 16 | 641 139 78 0 12 3166 | r:33.62 u:1195.77 s:9.53
3840x2160.png 128 16 64 2 2 12 16 | 653 142 85 0 12 3166 | r:34.84 u:1212.06 s:14.13
3840x2160.png 128 16 64 2 2 12 16 | 642 140 77 0 12 3183 | r:33.56 u:1200.75 s:10.31
3840x2160.png 128 16 64 6 2 12 16 | 640 138 75 0 12 3168 | r:33.04 u:1185.63 s:9.99
3840x2160.png 128 16 64 6 2 12 16 | 641 141 85 0 11 3169 | r:34.59 u:1203.27 s:13.79
3840x2160.png 128 16 64 6 2 12 16 | 641 141 84 0 12 3172 | r:34.59 u:1208.03 s:9.76
3840x2160.png 128 16 64 8 2 12 16 | 640 139 79 0 11 3172 | r:33.56 u:1195.26 s:7.54
3840x2160.png 128 16 64 8 2 12 16 | 640 140 76 0 12 3168 | r:33.45 u:1196.54 s:16.63
3840x2160.png 128 16 64 8 2 12 16 | 641 142 79 0 10 3171 | r:33.85 u:1210.99 s:11.75
3840x2160.png 128 16 64 12 2 12 16 | 641 144 79 0 12 3167 | r:34.50 u:1231.43 s:17.45
3840x2160.png 128 16 64 12 2 12 16 | 641 139 81 0 11 3172 | r:33.96 u:1191.93 s:12.31
3840x2160.png 128 16 64 12 2 12 16 | 640 141 82 0 12 3639 | r:34.82 u:1206.99 s:11.52
3840x2160.png 128 16 64 8 2 12 16 | 642 142 83 0 11 3190 | r:34.59 u:1221.57 s:8.63
3840x2160.png 128 16 64 8 2 12 16 | 640 140 77 0 12 3173 | r:33.60 u:1200.46 s:13.88
3840x2160.png 128 16 64 8 2 12 16 | 640 142 85 0 11 3174 | r:34.82 u:1215.14 s:14.34
3840x2160.png 128 16 64 8 1 12 16 | 640 143 112 0 11 3178 | r:38.34 u:1213.83 s:24.89
3840x2160.png 128 16 64 8 1 12 16 | 639 142 103 0 11 3167 | r:36.93 u:1206.76 s:23.29
3840x2160.png 128 16 64 8 1 12 16 | 641 155 114 0 14 3641 | r:40.85 u:1316.33 s:24.57
3840x2160.png 128 16 64 8 4 12 16 | 639 158 57 0 12 3534 | r:33.72 u:1340.62 s:22.29
3840x2160.png 128 16 64 8 4 12 16 | 639 156 54 0 10 3442 | r:32.76 u:1302.71 s:28.28
3840x2160.png 128 16 64 8 4 12 16 | 641 156 58 0 10 3558 | r:33.39 u:1323.37 s:18.89
3840x2160.png 128 16 64 8 6 12 16 | 640 157 47 0 11 3177 | r:31.95 u:1336.66 s:12.30
3840x2160.png 128 16 64 8 6 12 16 | 360 155 46 0 11 3183 | r:31.19 u:1310.51 s:14.44
3840x2160.png 128 16 64 8 6 12 16 | 642 156 47 0 11 3520 | r:32.08 u:1323.81 s:12.73
3840x2160.png 128 16 64 8 8 12 16 | 640 153 40 0 11 3175 | r:30.28 u:1286.31 s:19.10
3840x2160.png 128 16 64 8 8 12 16 | 639 160 42 0 11 3232 | r:31.64 u:1350.08 s:15.54
3840x2160.png 128 16 64 8 8 12 16 | 641 147 37 0 11 3169 | r:29.19 u:1253.05 s:12.05
3840x2160.png 128 16 64 8 16 12 16 | 643 135 33 0 10 3179 | r:27.02 u:1160.31 s:13.19
3840x2160.png 128 16 64 8 16 12 16 | 640 130 30 0 10 3168 | r:26.09 u:1122.67 s:15.05
3840x2160.png 128 16 64 8 16 12 16 | 641 128 33 0 10 3174 | r:26.19 u:1116.05 s:7.99
3840x2160.png 128 16 64 8 2 12 16 | 649 138 81 0 12 3176 | r:33.80 u:1188.44 s:6.71
3840x2160.png 128 16 64 8 2 12 16 | 638 144 88 0 12 3175 | r:35.47 u:1227.17 s:18.03
3840x2160.png 128 16 64 8 2 12 16 | 648 146 85 0 12 3166 | r:35.34 u:1236.99 s:23.12
3840x2160.png 128 16 64 8 2 8 16 | 640 137 64 0 13 3169 | r:31.71 u:1171.82 s:10.92
3840x2160.png 128 16 64 8 2 8 16 | 639 139 71 0 13 3186 | r:32.74 u:1181.27 s:13.57
3840x2160.png 128 16 64 8 2 8 16 | 640 139 63 0 13 3172 | r:31.75 u:1183.87 s:12.32
3840x2160.png 128 16 64 8 2 16 16 | 641 139 61 0 11 3167 | r:31.16 u:1191.62 s:13.98
3840x2160.png 128 16 64 8 2 16 16 | 641 138 66 0 11 3169 | r:31.86 u:1195.39 s:12.17
3840x2160.png 128 16 64 8 2 16 16 | 638 140 70 0 11 3175 | r:32.58 u:1209.35 s:13.98
3840x2160.png 128 16 64 8 2 32 16 | 639 141 70 0 10 3166 | r:32.57 u:1239.03 s:21.52
3840x2160.png 128 16 64 8 2 32 16 | 641 138 61 0 8 3169 | r:30.69 u:1200.79 s:16.34
3840x2160.png 128 16 64 8 2 32 16 | 640 141 79 0 8 3623 | r:33.99 u:1235.36 s:14.08
3840x2160.png 128 16 64 8 2 64 16 | 649 142 61 0 12 3170 | r:31.70 u:1302.87 s:23.03
3840x2160.png 128 16 64 8 2 64 16 | 642 141 59 0 11 3163 | r:31.37 u:1294.96 s:21.49
3840x2160.png 128 16 64 8 2 64 16 | 642 147 61 0 11 3174 | r:32.27 u:1339.96 s:24.03
3840x2160.png 128 16 64 8 2 32 16 | 638 138 62 0 10 3173 | r:31.19 u:1216.95 s:14.50
3840x2160.png 128 16 64 8 2 32 16 | 641 139 68 0 8 3168 | r:31.80 u:1218.02 s:18.05
3840x2160.png 128 16 64 8 2 32 16 | 641 137 63 0 8 3164 | r:30.81 u:1199.28 s:12.73
3840x2160.png 128 16 64 8 2 32 8 | 640 138 63 0 8 3165 | r:31.03 u:1209.39 s:9.06
3840x2160.png 128 16 64 8 2 32 8 | 642 142 63 0 8 3170 | r:31.56 u:1246.87 s:9.37
3840x2160.png 128 16 64 8 2 32 8 | 641 147 64 0 10 3176 | r:32.66 u:1276.53 s:27.39
3840x2160.png 128 16 64 8 2 32 12 | 642 149 72 0 8 3166 | r:33.61 u:1284.57 s:28.98
3840x2160.png 128 16 64 8 2 32 12 | 640 147 71 0 8 3172 | r:33.32 u:1276.42 s:24.92
3840x2160.png 128 16 64 8 2 32 12 | 641 149 61 0 9 3179 | r:32.22 u:1262.17 s:49.06
3840x2160.png 128 16 64 8 2 32 32 | 641 154 61 0 8 3172 | r:32.84 u:1318.98 s:34.58
3840x2160.png 128 16 64 8 2 32 32 | 639 137 60 0 9 3164 | r:30.75 u:1201.84 s:15.81
3840x2160.png 128 16 64 8 2 32 32 | 640 153 62 0 8 3165 | r:32.77 u:1303.98 s:42.39
3840x2160.png 128 16 64 8 2 32 64 | 641 144 69 0 8 3168 | r:32.62 u:1246.31 s:23.46
3840x2160.png 128 16 64 8 2 32 64 | 641 148 67 0 8 3165 | r:32.82 u:1275.08 s:30.63
3840x2160.png 128 16 64 8 2 32 64 | 639 145 68 0 9 3167 | r:32.60 u:1257.80 s:25.19
