1920x1200.png 128 6 32 4 2 8 8 | 190 58 25 0 0 687 | r:11.87 u:239.66 s:3.20
1920x1200.png 128 2 32 4 2 8 8 | 193 56 29 0 0 691 | r:12.20 u:227.35 s:5.04
1920x1200.png 128 4 32 4 2 8 8 | 101 55 28 0 0 689 | r:11.83 u:223.29 s:2.66
1920x1200.png 128 8 32 4 2 8 8 | 158 59 31 0 0 697 | r:12.86 u:241.75 s:4.82
1920x1200.png 128 12 32 4 2 8 8 | 154 56 29 0 0 691 | r:12.15 u:226.61 s:2.94
1920x1200.png 128 16 32 4 2 8 8 | 154 57 28 0 0 690 | r:12.20 u:229.13 s:4.90
1920x1200.png 128 32 32 4 2 8 8 | 153 56 30 0 0 690 | r:12.25 u:227.13 s:5.99
1920x1200.png 128 4 32 4 2 8 8 | 171 56 29 0 0 688 | r:12.26 u:229.67 s:4.44
1920x1200.png 128 4 16 4 2 8 8 | 170 88 27 0 0 691 | r:16.05 u:189.63 s:1.81
1920x1200.png 128 4 48 4 2 8 8 | 170 64 30 0 0 690 | r:13.27 u:377.78 s:7.13
1920x1200.png 128 4 64 4 2 8 8 | 169 62 32 0 0 690 | r:13.37 u:498.62 s:10.23
1920x1200.png 128 4 96 4 2 8 8 | 171 351 29 0 0 702 | r:49.94 u:3743.90 s:59.50
1920x1200.png 128 4 128 4 2 8 8 | 170 930 26 0 0 693 | r:123.64 u:13685.63 s:90.97
1920x1200.png 128 4 32 4 2 8 8 | 169 59 30 0 0 690 | r:12.68 u:240.18 s:5.52
1920x1200.png 128 4 32 1 2 8 8 | 101 55 28 0 0 692 | r:11.89 u:223.27 s:3.34
1920x1200.png 128 4 32 2 2 8 8 | 169 56 29 0 0 699 | r:12.16 u:226.80 s:3.73
1920x1200.png 128 4 32 6 2 8 8 | 168 59 29 0 0 691 | r:12.64 u:241.09 s:5.11
1920x1200.png 128 4 32 8 2 8 8 | 169 56 29 0 0 693 | r:12.14 u:228.33 s:4.52
1920x1200.png 128 4 32 12 2 8 8 | 171 56 28 0 0 689 | r:12.04 u:225.51 s:4.10
1920x1200.png 128 4 32 1 2 8 8 | 171 58 30 0 0 690 | r:12.47 u:234.48 s:5.47
1920x1200.png 128 4 32 1 1 8 8 | 170 53 28 0 0 690 | r:11.64 u:255.11 s:3.95
1920x1200.png 128 4 32 1 4 8 8 | 171 59 22 0 0 691 | r:11.59 u:244.97 s:4.81
1920x1200.png 128 4 32 1 6 8 8 | 178 61 21 0 0 692 | r:11.72 u:263.88 s:2.82
1920x1200.png 128 4 32 1 8 8 8 | 171 63 19 0 0 693 | r:11.73 u:275.52 s:3.25
1920x1200.png 128 4 32 1 16 8 8 | 178 63 22 0 0 1220 | r:12.64 u:294.92 s:3.54
1920x1200.png 128 4 32 1 2 8 8 | 169 57 29 0 0 693 | r:12.18 u:228.05 s:4.53
1920x1200.png 128 4 32 1 2 1 8 | 169 56 29 0 2 693 | r:12.39 u:219.60 s:4.20
1920x1200.png 128 4 32 1 2 4 8 | 101 55 29 0 0 689 | r:11.94 u:219.26 s:3.26
1920x1200.png 128 4 32 1 2 6 8 | 172 59 29 0 0 690 | r:12.57 u:236.07 s:4.67
1920x1200.png 128 4 32 1 2 12 8 | 171 55 28 0 0 689 | r:11.97 u:230.30 s:4.17
1920x1200.png 128 4 32 1 2 16 8 | 170 56 29 0 0 695 | r:12.11 u:236.55 s:4.74
1920x1200.png 128 4 32 1 2 32 8 | 171 58 22 0 1 695 | r:11.65 u:265.30 s:4.85
1920x1200.png 128 4 32 1 2 8 8 | 170 59 30 0 0 896 | r:12.97 u:239.36 s:5.93
1920x1200.png 128 4 32 1 2 8 4 | 170 57 30 0 0 690 | r:12.40 u:233.90 s:4.59
1920x1200.png 128 4 32 1 2 8 6 | 170 56 28 0 0 690 | r:12.05 u:226.08 s:4.35
1920x1200.png 128 4 32 1 2 8 8 | 101 55 28 0 0 692 | r:11.82 u:226.39 s:3.15
1920x1200.png 128 4 32 1 2 8 12 | 170 57 28 0 0 691 | r:12.16 u:227.69 s:4.92
1920x1200.png 128 4 32 1 2 8 16 | 169 57 29 0 0 691 | r:12.33 u:230.01 s:5.44
1920x1200.png 128 4 32 1 2 8 32 | 172 57 29 0 0 691 | r:12.36 u:231.32 s:4.25
