3840x2160.png 128 6 48 4 2 12 16 | 660 167 71 0 11 3170 | r:36.27 u:1073.29 s:11.61
3840x2160.png 128 8 48 4 2 12 16 | 657 167 80 0 12 3173 | r:37.54 u:1077.82 s:12.96
3840x2160.png 128 12 48 4 2 12 16 | 644 178 67 0 10 3174 | r:36.95 u:1129.23 s:18.24
3840x2160.png 128 16 48 4 2 12 16 | 641 171 67 0 9 3172 | r:35.92 u:1090.45 s:15.21
3840x2160.png 128 32 48 4 2 12 16 | 638 168 70 0 12 3170 | r:36.24 u:1079.39 s:9.91
3840x2160.png 128 32 48 4 2 12 16 | 640 166 70 0 12 3167 | r:36.06 u:1073.07 s:7.98
3840x2160.png 128 32 32 4 2 12 16 | 638 154 81 0 13 3175 | r:35.99 u:681.24 s:8.64
3840x2160.png 128 32 64 4 2 12 16 | 640 146 80 0 12 3478 | r:35.00 u:1236.81 s:21.83
3840x2160.png 128 32 96 4 2 12 16 | 641 534 94 0 17 3192 | r:86.77 u:5857.21 s:103.93
3840x2160.png 128 32 112 4 2 12 16 | 648 743 83 0 16 3171 | r:112.08 u:9094.52 s:306.03
3840x2160.png 128 32 128 4 2 12 16 | 641 1061 74 0 17 3228 | r:151.78 u:15250.93 s:404.84
3840x2160.png 128 32 64 4 2 12 16 | 657 141 80 0 12 3166 | r:34.18 u:1208.10 s:14.99
3840x2160.png 128 32 64 1 2 12 16 | 639 140 82 0 12 3170 | r:34.15 u:1200.88 s:12.47
3840x2160.png 128 32 64 2 2 12 16 | 640 148 78 0 11 3626 | r:35.07 u:1235.96 s:36.65
3840x2160.png 128 32 64 6 2 12 16 | 637 171 90 0 12 3185 | r:39.19 u:1434.41 s:27.68
3840x2160.png 128 32 64 8 2 12 16 | 639 147 82 0 12 3170 | r:35.00 u:1257.01 s:11.76
3840x2160.png 128 32 64 12 2 12 16 | 639 147 80 0 10 3169 | r:34.58 u:1237.51 s:33.30
3840x2160.png 128 32 64 2 2 12 16 | 640 143 83 0 12 3299 | r:34.98 u:1228.00 s:16.92
3840x2160.png 128 32 64 2 1 12 16 | 640 142 104 0 11 3169 | r:37.20 u:1202.14 s:26.09
3840x2160.png 128 32 64 2 4 12 16 | 640 151 62 0 11 3175 | r:32.87 u:1283.50 s:18.23
3840x2160.png 128 32 64 2 6 12 16 | 639 159 50 0 11 3473 | r:32.77 u:1346.58 s:17.09
3840x2160.png 128 32 64 2 8 12 16 | 638 159 38 0 9 3330 | r:30.84 u:1303.91 s:46.20
3840x2160.png 128 32 64 2 16 12 16 | 639 130 30 0 8 3173 | r:25.88 u:1091.66 s:45.59
3840x2160.png 128 32 64 2 2 12 16 | 638 144 84 0 12 3674 | r:35.45 u:1229.11 s:15.83
3840x2160.png 128 32 64 2 2 8 16 | 639 148 74 0 13 3164 | r:34.31 u:1231.99 s:36.00
3840x2160.png 128 32 64 2 2 16 16 | 639 144 74 0 11 3169 | r:33.57 u:1225.31 s:27.28
3840x2160.png 128 32 64 2 2 32 16 | 639 149 62 0 9 3170 | r:32.51 u:1272.87 s:47.94
3840x2160.png 128 32 64 2 2 64 16 | 648 142 67 0 11 3169 | r:32.49 u:1302.80 s:32.08
3840x2160.png 128 32 64 2 2 32 16 | 639 156 72 0 9 3639 | r:35.09 u:1339.38 s:35.46
3840x2160.png 128 32 64 2 2 32 8 | 650 154 61 0 10 3223 | r:33.15 u:1310.51 s:46.66
3840x2160.png 128 32 64 2 2 32 12 | 640 146 65 0 10 3170 | r:32.68 u:1263.03 s:37.55
3840x2160.png 128 32 64 2 2 32 32 | 640 155 61 0 10 3173 | r:33.22 u:1319.45 s:51.26
3840x2160.png 128 32 64 2 2 32 64 | 638 139 61 0 11 3175 | r:31.20 u:1226.40 s:12.94
