7680x4320.png 128 12 48 4 2 12 16 | 2309 672 383 0 53 12473 | r:157.83 u:4168.44 s:125.90
7680x4320.png 128 12 48 4 2 12 16 | 2288 651 387 0 46 12433 | r:154.70 u:4125.61 s:40.25
7680x4320.png 128 16 48 4 2 12 16 | 2263 642 380 0 47 12445 | r:152.81 u:4078.90 s:34.88
7680x4320.png 128 32 48 4 2 12 16 | 2253 649 390 0 36 13101 | r:154.46 u:4066.27 s:61.84
7680x4320.png 128 32 48 4 2 12 16 | 2252 642 387 0 47 12439 | r:153.72 u:4075.00 s:38.66
7680x4320.png 128 32 32 4 2 12 16 | 2254 622 397 0 51 12436 | r:153.00 u:2690.34 s:45.14
7680x4320.png 128 32 64 4 2 12 16 | 2249 547 408 0 42 12456 | r:143.75 u:4493.59 s:113.13
7680x4320.png 128 32 96 4 2 12 16 | 2253 812 421 0 48 12562 | r:180.49 u:8712.59 s:938.24
7680x4320.png 128 32 112 4 2 12 16 | 2246 995 405 0 45 12942 | r:201.96 u:11967.19 s:1594.64
7680x4320.png 128 32 128 4 2 12 16 | 2245 1249 394 0 42 12488 | r:232.28 u:18168.79 s:997.81
7680x4320.png 128 32 64 4 2 12 16 | 2251 546 404 0 41 12452 | r:143.18 u:4478.55 s:117.16
7680x4320.png 128 32 64 6 2 12 16 | 2250 548 404 0 39 12434 | r:143.08 u:4480.66 s:142.58
7680x4320.png 128 32 64 8 2 12 16 | 2249 540 397 0 34 12480 | r:140.75 u:4424.58 s:117.78
7680x4320.png 128 32 64 12 2 12 16 | 2254 536 374 0 43 13149 | r:138.96 u:4422.47 s:95.68
7680x4320.png 128 32 64 12 2 12 16 | 2248 537 376 0 47 12458 | r:139.18 u:4446.70 s:89.71
7680x4320.png 128 32 64 12 1 12 16 | 2245 514 609 0 48 12963 | r:166.67 u:4266.69 s:58.57
7680x4320.png 128 32 64 12 4 12 16 | 2250 545 261 0 36 13008 | r:124.64 u:4518.56 s:68.59
7680x4320.png 128 32 64 12 6 12 16 | 2248 563 200 0 47 12476 | r:119.90 u:4681.64 s:83.12
7680x4320.png 128 32 64 12 8 12 16 | 2249 558 174 0 46 12916 | r:116.43 u:4650.39 s:75.81
7680x4320.png 128 32 64 12 16 12 16 | 2250 550 132 0 45 12475 | r:109.34 u:4587.38 s:68.50
7680x4320.png 128 32 64 12 2 12 16 | 2246 539 396 0 49 12457 | r:142.03 u:4460.33 s:94.88
7680x4320.png 128 32 64 12 2 8 16 | 2252 520 372 0 51 12484 | r:136.92 u:4344.20 s:48.40
7680x4320.png 128 32 64 12 2 16 16 | 2246 538 403 0 48 12494 | r:142.69 u:4518.55 s:75.69
7680x4320.png 128 32 64 12 2 32 16 | 2250 553 404 0 36 13132 | r:143.71 u:4674.22 s:83.17
7680x4320.png 128 32 64 12 2 64 16 | 2242 514 241 0 50 12449 | r:118.91 u:4686.88 s:59.73
7680x4320.png 128 32 64 12 2 32 16 | 2247 563 395 0 35 12447 | r:143.09 u:4658.11 s:163.60
7680x4320.png 128 32 64 12 2 32 8 | 2248 556 406 0 47 12683 | r:145.41 u:4712.42 s:115.67
7680x4320.png 128 32 64 12 2 32 12 | 1327 538 411 0 46 12636 | r:142.65 u:4573.32 s:81.09
7680x4320.png 128 32 64 12 2 32 32 | 2250 566 396 0 47 12463 | r:145.15 u:4751.09 s:164.87
7680x4320.png 128 32 64 12 2 32 64 | 2244 562 394 0 30 12470 | r:142.27 u:4664.03 s:139.29
